0.000          17 
0.005          21 
0.010          16 
0.015          13 
0.020          9 
0.025          8 
0.030          20 
0.035          16 
0.040          14 
0.045          15 
0.050          15 
0.055          15 
0.060          15 
0.065          15 
0.070          17 
0.075          16 
0.080          16 
0.085          15 
0.090          16 
0.095          17 
0.100          17 
0.105          16 
0.110          16 
0.115          17 
0.120          15 
0.125          15 
0.130          16 
0.135          16 
0.140          16 
0.145          14 
0.150          14 
0.155          14 
0.160          14 
0.165          14 
0.170          13 
0.175          14 
0.180          14 
0.185          14 
0.190          14 
0.195          15 
0.200          15 
0.205          15 
0.210          15 
0.215          15 
0.220          15 
0.225          16 
0.230          17 
0.235          17 
0.240          17 
0.245          18 
0.250          17 
0.255          17 
0.260          18 
0.265          16 
0.270          16 
0.275          15 
0.280          15 
0.285          15 
0.290          15 
0.295          15 
0.300          14 
0.305          14 
0.310          13 
0.315          13 
0.320          13 
0.325          14 
0.330          14 
0.335          13 
0.340          14 
0.345          13 
0.350          14 
0.355          12 
0.360          11 
0.365          11 
0.370          12 
0.375          12 
0.380          11 
0.385          12 
0.390          12 
0.395          11 
0.400          10 
0.405          10 
0.410          10 
0.415          10 
0.420          10 
0.425          9 
0.430          10 
0.435          10 
0.440          10 
0.445          9 
0.450          10 
0.455          10 
0.460          8 
0.465          8 
0.470          8 
0.475          8 
0.480          8 
0.485          9 
0.490          9 
0.495          9 
0.500          9 
0.505          8 
0.510          8 
0.515          7 
0.520          8 
0.525          7 
0.530          7 
0.535          8 
0.540          9 
0.545          8 
0.550          8 
0.555          8 
0.560          8 
0.565          8 
0.570          8 
0.575          8 
0.580          9 
0.585          9 
0.590          9 
0.595          9 
0.600          9 
0.605          9 
0.610          9 
0.615          9 
0.620          10 
0.625          10 
0.630          9 
0.635          8 
0.640          8 
0.645          8 
0.650          8 
0.655          8 
0.660          7 
0.665          6 
0.670          7 
0.675          5 
0.680          6 
0.685          5 
0.690          5 
0.695          4 
0.700          4 
0.705          3 
0.710          4 
0.715          4 
0.720          3 
0.725          3 
0.730          3 
0.735          4 
0.740          5 
0.745          4 
0.750          5 
0.755          6 
0.760          6 
0.765          5 
0.770          5 
0.775          5 
0.780          5 
0.785          4 
0.790          5 
0.795          5 
0.800          5 
0.805          6 
0.810          5 
0.815          5 
0.820          5 
0.825          5 
0.830          4 
0.835          3 
0.840          4 
0.845          4 
0.850          5 
0.855          6 
0.860          5 
0.865          5 
0.870          4 
0.875          5 
0.880          4 
0.885          4 
0.890          4 
0.895          3 
0.900          2 
0.905          3 
0.910          3 
0.915          2 
0.920          3 
0.925          3 
0.930          3 
0.935          3 
0.940          3 
0.945          4 
0.950          3 
0.955          3 
0.960          4 
0.965          4 
0.970          5 
0.975          4 
0.980          4 
0.985          5 
0.990          4 
0.995          4 
1.000          3 
1.005          3 
1.010          2 
1.015          1 
1.020          2 
1.025          1 
1.030          1 
1.035          1 
1.040          1 
1.045          1 
1.050          2 
1.055          3 
1.060          3 
1.065          3 
1.070          3 
1.075          4 
1.080          3 
1.085          4 
1.090          5 
1.095          4 
1.100          4 
1.105          4 
1.110          4 
1.115          4 
1.120          3 
1.125          3 
1.130          3 
1.135          2 
1.140          1 
1.145          1 
1.150          1 
1.155          1 
1.160          1 
1.165          1 
1.170          1 
1.175          2 
1.180          2 
1.185          2 
1.190          2 
1.195          1 
1.200          1 
1.205          2 
1.210          2 
1.215          2 
1.220          3 
1.225          4 
1.230          4 
1.235          4 
1.240          3 
1.245          3 
1.250          3 
1.255          3 
1.260          3 
1.265          3 
1.270          3 
1.275          3 
1.280          2 
1.285          2 
1.290          2 
1.295          2 
1.300          2 
1.305          1 
1.310          1 
1.315          2 
1.320          2 
1.325          3 
1.330          3 
1.335          3 
1.340          3 
1.345          3 
1.350          3 
1.355          5 
1.360          4 
1.365          4 
1.370          5 
1.375          5 
1.380          5 
1.385          5 
1.390          5 
1.395          5 
1.400          4 
1.405          4 
1.410          4 
1.415          4 
1.420          5 
1.425          4 
1.430          4 
1.435          5 
1.440          4 
1.445          5 
1.450          4 
1.455          5 
1.460          5 
1.465          5 
1.470          5 
1.475          6 
1.480          5 
1.485          5 
1.490          6 
1.495          6 
1.500          6 
1.505          5 
1.510          5 
1.515          5 
1.520          4 
1.525          5 
1.530          4 
1.535          5 
1.540          6 
1.545          5 
1.550          5 
1.555          6 
1.560          6 
1.565          6 
1.570          6 
1.575          6 
1.580          7 
1.585          8 
1.590          8 
1.595          8 
1.600          8 
1.605          8 
1.610          8 
1.615          8 
1.620          9 
1.625          8 
1.630          8 
1.635          8 
1.640          8 
1.645          8 
1.650          8 
1.655          7 
1.660          6 
1.665          7 
1.670          7 
1.675          7 
1.680          7 
1.685          8 
1.690          8 
1.695          8 
1.700          8 
1.705          8 
1.710          8 
1.715          8 
1.720          8 
1.725          7 
1.730          9 
1.735          10 
1.740          11 
1.745          10 
1.750          10 
1.755          10 
1.760          9 
1.765          9 
1.770          9 
1.775          10 
1.780          9 
1.785          10 
1.790          10 
1.795          10 
1.800          9 
1.805          9 
1.810          8 
1.815          8 
1.820          8 
1.825          9 
1.830          10 
1.835          10 
1.840          10 
1.845          10 
1.850          10 
1.855          11 
1.860          11 
1.865          11 
1.870          11 
1.875          12 
1.880          12 
1.885          12 
1.890          12 
1.895          13 
1.900          12 
1.905          13 
1.910          13 
1.915          14 
1.920          14 
1.925          14 
1.930          15 
1.935          15 
1.940          15 
1.945          15 
1.950          14 
1.955          14 
1.960          15 
1.965          14 
1.970          14 
1.975          14 
1.980          14 
1.985          14 
1.990          13 
1.995          12 
2.000          13 
2.005          13 
2.010          13 
2.015          14 
2.020          15 
2.025          16 
2.030          17 
2.035          17 
2.040          18 
2.045          19 
2.050          18 
2.055          18 
2.060          18 
2.065          19 
2.070          19 
2.075          19 
2.080          19 
2.085          19 
2.090          19 
2.095          18 
2.100          17 
2.105          17 
2.110          18 
2.115          18 
2.120          17 
2.125          18 
2.130          19 
2.135          20 
2.140          20 
2.145          20 
2.150          20 
2.155          19 
2.160          18 
2.165          18 
2.170          19 
2.175          18 
2.180          19 
2.185          18 
2.190          18 
2.195          19 
2.200          19 
2.205          19 
2.210          19 
2.215          19 
2.220          20 
2.225          21 
2.230          21 
2.235          21 
2.240          22 
2.245          22 
2.250          23 
2.255          23 
2.260          24 
2.265          24 
2.270          24 
2.275          24 
2.280          25 
2.285          24 
2.290          25 
2.295          25 
2.300          24 
2.305          24 
2.310          24 
2.315          24 
2.320          24 
2.325          24 
2.330          24 
2.335          23 
2.340          23 
2.345          23 
2.350          23 
2.355          23 
2.360          24 
2.365          24 
2.370          24 
2.375          25 
2.380          25 
2.385          26 
2.390          26 
2.395          26 
2.400          26 
2.405          26 
2.410          26 
2.415          25 
2.420          25 
2.425          25 
2.430          25 
2.435          26 
2.440          26 
2.445          25 
2.450          26 
2.455          25 
2.460          25 
2.465          25 
2.470          25 
2.475          26 
2.480          26 
2.485          25 
2.490          26 
2.495          26 
2.500          27 
2.505          26 
2.510          25 
2.515          25 
2.520          24 
2.525          24 
2.530          25 
2.535          24 
2.540          24 
2.545          24 
2.550          25 
2.555          25 
2.560          26 
2.565          26 
2.570          27 
2.575          27 
2.580          28 
2.585          28 
2.590          28 
2.595          28 
2.600          28 
2.605          27 
2.610          29 
2.615          29 
2.620          29 
2.625          28 
2.630          27 
2.635          26 
2.640          26 
2.645          26 
2.650          26 
2.655          25 
2.660          25 
2.665          26 
2.670          26 
2.675          26 
2.680          26 
2.685          25 
2.690          25 
2.695          25 
2.700          25 
2.705          27 
2.710          27 
2.715          27 
2.720          26 
2.725          26 
2.730          26 
2.735          26 
2.740          26 
2.745          26 
2.750          26 
2.755          26 
2.760          27 
2.765          27 
2.770          28 
2.775          29 
2.780          29 
2.785          29 
2.790          29 
2.795          29 
2.800          29 
2.805          29 
2.810          29 
2.815          30 
2.820          30 
2.825          31 
2.830          31 
2.835          30 
2.840          30 
2.845          30 
2.850          29 
2.855          29 
2.860          29 
2.865          29 
2.870          29 
2.875          30 
2.880          29 
2.885          29 
2.890          30 
2.895          29 
2.900          28 
2.905          28 
2.910          28 
2.915          28 
2.920          28 
2.925          27 
2.930          27 
2.935          27 
2.940          27 
2.945          28 
2.950          28 
2.955          28 
2.960          28 
2.965          28 
2.970          28 
2.975          29 
2.980          29 
2.985          29 
2.990          29 
2.995          30 
3.000          30 
3.005          29 
3.010          28 
3.015          28 
3.020          27 
3.025          27 
3.030          27 
3.035          26 
3.040          27 
3.045          26 
3.050          25 
3.055          25 
3.060          25 
3.065          25 
3.070          25 
3.075          25 
3.080          25 
3.085          26 
3.090          25 
3.095          27 
3.100          27 
3.105          27 
3.110          27 
3.115          27 
3.120          27 
3.125          28 
3.130          28 
3.135          28 
3.140          28 
3.145          27 
3.150          26 
3.155          26 
3.160          25 
3.165          25 
3.170          24 
3.175          24 
3.180          24 
3.185          24 
3.190          23 
3.195          23 
3.200          23 
3.205          24 
3.210          23 
3.215          23 
3.220          22 
3.225          22 
3.230          23 
3.235          23 
3.240          24 
3.245          23 
3.250          23 
3.255          23 
3.260          23 
3.265          24 
3.270          23 
3.275          23 
3.280          22 
3.285          21 
3.290          20 
3.295          22 
3.300          22 
3.305          21 
3.310          21 
3.315          20 
3.320          21 
3.325          20 
3.330          20 
3.335          20 
3.340          19 
3.345          18 
3.350          18 
3.355          17 
3.360          18 
3.365          18 
3.370          17 
3.375          16 
3.380          16 
3.385          15 
3.390          16 
3.395          16 
3.400          17 
3.405          16 
3.410          16 
3.415          16 
3.420          15 
3.425          14 
3.430          15 
3.435          15 
3.440          14 
3.445          15 
3.450          15 
3.455          15 
3.460          15 
3.465          15 
3.470          14 
3.475          13 
3.480          12 
3.485          11 
3.490          11 
3.495          12 
3.500          13 
3.505          12 
3.510          11 
3.515          11 
3.520          10 
3.525          9 
3.530          9 
3.535          8 
3.540          7 
3.545          9 
3.550          8 
3.555          9 
3.560          8 
3.565          8 
3.570          9 
3.575          7 
3.580          7 
3.585          7 
3.590          7 
3.595          7 
3.600          7 
3.605          7 
3.610          7 
3.615          7 
3.620          7 
3.625          7 
3.630          6 
3.635          6 
3.640          6 
3.645          6 
3.650          6 
3.655          6 
3.660          7 
3.665          7 
3.670          8 
3.675          7 
3.680          6 
3.685          6 
3.690          6 
3.695          5 
3.700          4 
3.705          5 
3.710          5 
3.715          5 
3.720          4 
3.725          4 
3.730          3 
3.735          2 
3.740          2 
3.745          1 
3.750          1 
3.755          1 
3.760          1 
3.765          1 
3.770          1 
3.775          1 
3.780          1 
3.785          1 
3.790          1 
3.795          1 
3.800          1 
3.805          1 
3.810          1 
3.815          1 
3.820          1 
3.825          1 
3.830          2 
3.835          2 
3.840          2 
3.845          2 
3.850          2 
3.855          2 
3.860          2 
3.865          2 
3.870          3 
3.875          4 
3.880          3 
3.885          3 
3.890          3 
3.895          3 
3.900          3 
3.905          3 
3.910          3 
3.915          3 
3.920          4 
3.925          4 
3.930          4 
3.935          3 
3.940          3 
3.945          3 
3.950          2 
3.955          3 
3.960          3 
3.965          3 
3.970          4 
3.975          5 
3.980          4 
3.985          4 
3.990          4 
3.995          4 
4.000          4 
4.005          4 
4.010          4 
4.015          4 
4.020          4 
4.025          4 
4.030          3 
4.035          4 
4.040          3 
4.045          3 
4.050          3 
4.055          3 
4.060          3 
4.065          3 
4.070          3 
4.075          4 
4.080          4 
4.085          4 
4.090          4 
4.095          5 
4.100          5 
4.105          6 
4.110          6 
4.115          6 
4.120          6 
4.125          6 
4.130          6 
4.135          7 
4.140          6 
4.145          6 
4.150          6 
4.155          6 
4.160          6 
4.165          7 
4.170          7 
4.175          6 
4.180          6 
4.185          6 
4.190          6 
4.195          7 
4.200          7 
4.205          7 
4.210          7 
4.215          8 
4.220          7 
4.225          7 
4.230          8 
4.235          8 
4.240          7 
4.245          7 
4.250          7 
4.255          8 
4.260          9 
4.265          9 
4.270          10 
4.275          10 
4.280          11 
4.285          11 
4.290          11 
4.295          12 
4.300          12 
4.305          11 
4.310          12 
4.315          12 
4.320          13 
4.325          13 
4.330          13 
4.335          13 
4.340          13 
4.345          13 
4.350          14 
4.355          14 
4.360          14 
4.365          15 
4.370          16 
4.375          17 
4.380          17 
4.385          17 
4.390          18 
4.395          20 
4.400          20 
4.405          19 
4.410          20 
4.415          20 
4.420          20 
4.425          21 
4.430          21 
4.435          22 
4.440          22 
4.445          22 
4.450          23 
4.455          23 
4.460          23 
4.465          23 
4.470          23 
4.475          24 
4.480          25 
4.485          26 
4.490          26 
4.495          26 
4.500          27 
4.505          26 
4.510          27 
4.515          28 
4.520          28 
4.525          28 
4.530          29 
4.535          30 
4.540          31 
4.545          32 
4.550          32 
4.555          32 
4.560          32 
4.565          32 
4.570          34 
4.575          34 
4.580          35 
4.585          35 
4.590          35 
4.595          35 
4.600          35 
4.605          36 
4.610          36 
4.615          36 
4.620          36 
4.625          37 
4.630          37 
4.635          37 
4.640          38 
4.645          37 
4.650          36 
4.655          37 
4.660          37 
4.665          37 
4.670          37 
4.675          39 
4.680          39 
4.685          39 
4.690          40 
4.695          40 
4.700          41 
4.705          41 
4.710          42 
4.715          42 
4.720          43 
4.725          44 
4.730          43 
4.735          43 
4.740          44 
4.745          44 
4.750          44 
4.755          43 
4.760          44 
4.765          45 
4.770          45 
4.775          45 
4.780          46 
4.785          45 
4.790          46 
4.795          47 
4.800          48 
4.805          48 
4.810          49 
4.815          49 
4.820          50 
4.825          50 
4.830          49 
4.835          50 
4.840          49 
4.845          49 
4.850          49 
4.855          49 
4.860          49 
4.865          49 
4.870          48 
4.875          48 
4.880          48 
4.885          49 
4.890          49 
4.895          50 
4.900          50 
4.905          50 
4.910          51 
4.915          51 
4.920          53 
4.925          53 
4.930          53 
4.935          54 
4.940          54 
4.945          54 
4.950          54 
4.955          55 
4.960          56 
4.965          56 
4.970          55 
4.975          56 
4.980          56 
4.985          55 
4.990          55 
4.995          56 
5.000          55 
5.005          54 
5.010          55 
5.015          55 
5.020          55 
5.025          56 
5.030          55 
5.035          54 
5.040          54 
5.045          55 
5.050          55 
5.055          55 
5.060          56 
5.065          56 
5.070          56 
5.075          57 
5.080          57 
5.085          56 
5.090          56 
5.095          57 
5.100          56 
5.105          57 
5.110          56 
5.115          56 
5.120          56 
5.125          55 
5.130          55 
5.135          55 
5.140          55 
5.145          55 
5.150          55 
5.155          55 
5.160          55 
5.165          55 
5.170          54 
5.175          55 
5.180          55 
5.185          55 
5.190          55 
5.195          55 
5.200          55 
5.205          55 
5.210          55 
5.215          54 
5.220          54 
5.225          54 
5.230          55 
5.235          55 
5.240          56 
5.245          56 
5.250          56 
5.255          56 
5.260          56 
5.265          56 
5.270          56 
5.275          56 
5.280          55 
5.285          54 
5.290          56 
5.295          55 
5.300          54 
5.305          53 
5.310          53 
5.315          52 
5.320          52 
5.325          51 
5.330          51 
5.335          51 
5.340          50 
5.345          49 
5.350          49 
5.355          50 
5.360          50 
5.365          49 
5.370          49 
5.375          50 
5.380          49 
5.385          49 
5.390          50 
5.395          48 
5.400          48 
5.405          48 
5.410          48 
5.415          47 
5.420          48 
5.425          47 
5.430          46 
5.435          46 
5.440          46 
5.445          45 
5.450          45 
5.455          45 
5.460          44 
5.465          44 
5.470          44 
5.475          44 
5.480          43 
5.485          42 
5.490          43 
5.495          41 
5.500          41 
5.505          41 
5.510          41 
5.515          41 
5.520          40 
5.525          40 
5.530          40 
5.535          39 
5.540          38 
5.545          37 
5.550          37 
5.555          37 
5.560          37 
5.565          37 
5.570          37 
5.575          37 
5.580          37 
5.585          36 
5.590          36 
5.595          35 
5.600          35 
5.605          34 
5.610          34 
5.615          34 
5.620          34 
5.625          34 
5.630          34 
5.635          34 
5.640          33 
5.645          32 
5.650          31 
5.655          31 
5.660          30 
5.665          30 
5.670          30 
5.675          30 
5.680          30 
5.685          30 
5.690          29 
5.695          29 
5.700          28 
5.705          29 
5.710          28 
5.715          27 
5.720          28 
5.725          28 
5.730          28 
5.735          29 
5.740          29 
5.745          28 
5.750          26 
5.755          26 
5.760          26 
5.765          26 
5.770          26 
5.775          26 
5.780          25 
5.785          24 
5.790          23 
5.795          22 
5.800          22 
5.805          20 
5.810          19 
5.815          18 
5.820          19 
5.825          20 
5.830          19 
5.835          18 
5.840          18 
5.845          18 
5.850          17 
5.855          17 
5.860          17 
5.865          17 
5.870          17 
5.875          16 
5.880          15 
5.885          16 
5.890          15 
5.895          14 
5.900          13 
5.905          14 
5.910          13 
5.915          13 
5.920          12 
5.925          12 
5.930          11 
5.935          11 
5.940          11 
5.945          11 
5.950          11 
5.955          11 
5.960          11 
5.965          11 
5.970          11 
5.975          11 
5.980          10 
5.985          10 
5.990          9 
5.995          9 
6.000          9 
6.005          9 
6.010          10 
6.015          10 
6.020          9 
6.025          9 
6.030          9 
6.035          7 
6.040          7 
6.045          7 
6.050          7 
6.055          8 
6.060          8 
6.065          8 
6.070          7 
6.075          7 
6.080          6 
6.085          7 
6.090          5 
6.095          5 
6.100          5 
6.105          5 
6.110          6 
6.115          5 
6.120          5 
6.125          4 
6.130          4 
6.135          3 
6.140          3 
6.145          3 
6.150          4 
6.155          4 
6.160          3 
6.165          3 
6.170          4 
6.175          4 
6.180          4 
6.185          3 
6.190          4 
6.195          4 
6.200          4 
6.205          5 
6.210          5 
6.215          6 
6.220          5 
6.225          4 
6.230          4 
6.235          4 
6.240          4 
6.245          3 
6.250          2 
6.255          2 
6.260          2 
6.265          2 
6.270          3 
6.275          3 
6.280          2 
6.285          3 
6.290          3 
6.295          3 
6.300          3 
6.305          4 
6.310          4 
6.315          5 
6.320          5 
6.325          5 
6.330          5 
6.335          6 
6.340          5 
6.345          5 
6.350          4 
6.355          4 
6.360          4 
6.365          4 
6.370          3 
6.375          3 
6.380          2 
6.385          2 
6.390          1 
6.395          2 
6.400          2 
6.405          3 
6.410          2 
6.415          2 
6.420          2 
6.425          2 
6.430          3 
6.435          4 
6.440          4 
6.445          4 
6.450          5 
6.455          5 
6.460          5 
6.465          6 
6.470          7 
6.475          7 
6.480          8 
6.485          9 
6.490          9 
6.495          10 
6.500          10 
6.505          11 
6.510          11 
6.515          12 
6.520          12 
6.525          12 
6.530          12 
6.535          13 
6.540          12 
6.545          12 
6.550          12 
6.555          12 
6.560          12 
6.565          13 
6.570          12 
6.575          12 
6.580          12 
6.585          12 
6.590          12 
6.595          12 
6.600          13 
6.605          14 
6.610          14 
6.615          14 
6.620          15 
6.625          16 
6.630          15 
6.635          16 
6.640          17 
6.645          18 
6.650          18 
6.655          18 
6.660          19 
6.665          19 
6.670          21 
6.675          22 
6.680          22 
6.685          23 
6.690          24 
6.695          24 
6.700          25 
6.705          26 
6.710          26 
6.715          26 
6.720          27 
6.725          28 
6.730          28 
6.735          28 
6.740          29 
6.745          30 
6.750          30 
6.755          29 
6.760          30 
6.765          30 
6.770          30 
6.775          30 
6.780          31 
6.785          31 
6.790          32 
6.795          31 
6.800          32 
6.805          32 
6.810          33 
6.815          34 
6.820          33 
6.825          35 
6.830          36 
6.835          36 
6.840          37 
6.845          39 
6.850          39 
6.855          39 
6.860          39 
6.865          40 
6.870          42 
6.875          44 
6.880          45 
6.885          45 
6.890          45 
6.895          46 
6.900          47 
6.905          47 
6.910          47 
6.915          47 
6.920          47 
6.925          48 
6.930          49 
6.935          51 
6.940          50 
6.945          51 
6.950          51 
6.955          50 
6.960          52 
6.965          52 
6.970          54 
6.975          54 
6.980          54 
6.985          55 
6.990          56 
6.995          56 
7.000          57 
7.005          58 
7.010          58 
7.015          59 
7.020          59 
7.025          60 
7.030          60 
7.035          61 
7.040          62 
7.045          62 
7.050          63 
7.055          64 
7.060          65 
7.065          66 
7.070          67 
7.075          68 
7.080          69 
7.085          70 
7.090          71 
7.095          72 
7.100          73 
7.105          74 
7.110          74 
7.115          76 
7.120          76 
7.125          78 
7.130          78 
7.135          79 
7.140          80 
7.145          80 
7.150          81 
7.155          82 
7.160          82 
7.165          82 
7.170          83 
7.175          84 
7.180          85 
7.185          86 
7.190          87 
7.195          89 
7.200          89 
7.205          90 
7.210          90 
7.215          92 
7.220          93 
7.225          93 
7.230          94 
7.235          97 
7.240          99 
7.245          99 
7.250          100 
7.255          101 
7.260          101 
7.265          103 
7.270          103 
7.275          105 
7.280          107 
7.285          108 
7.290          108 
7.295          109 
7.300          109 
7.305          110 
7.310          110 
7.315          111 
7.320          112 
7.325          112 
7.330          113 
7.335          114 
7.340          115 
7.345          115 
7.350          116 
7.355          117 
7.360          118 
7.365          118 
7.370          118 
7.375          120 
7.380          121 
7.385          121 
7.390          121 
7.395          122 
7.400          123 
7.405          124 
7.410          126 
7.415          126 
7.420          128 
7.425          128 
7.430          128 
7.435          128 
7.440          129 
7.445          130 
7.450          131 
7.455          132 
7.460          134 
7.465          134 
7.470          136 
7.475          137 
7.480          137 
7.485          137 
7.490          137 
7.495          137 
7.500          138 
7.505          139 
7.510          140 
7.515          141 
7.520          142 
7.525          142 
7.530          143 
7.535          144 
7.540          144 
7.545          144 
7.550          145 
7.555          146 
7.560          147 
7.565          147 
7.570          148 
7.575          148 
7.580          149 
7.585          149 
7.590          150 
7.595          150 
7.600          151 
7.605          151 
7.610          151 
7.615          152 
7.620          151 
7.625          151 
7.630          151 
7.635          152 
7.640          153 
7.645          152 
7.650          153 
7.655          153 
7.660          154 
7.665          154 
7.670          154 
7.675          154 
7.680          154 
7.685          155 
7.690          155 
7.695          156 
7.700          156 
7.705          156 
7.710          157 
7.715          157 
7.720          157 
7.725          158 
7.730          158 
7.735          158 
7.740          159 
7.745          160 
7.750          160 
7.755          161 
7.760          160 
7.765          162 
7.770          162 
7.775          163 
7.780          163 
7.785          162 
7.790          163 
7.795          163 
7.800          163 
7.805          164 
7.810          164 
7.815          164 
7.820          165 
7.825          165 
7.830          165 
7.835          166 
7.840          166 
7.845          168 
7.850          168 
7.855          168 
7.860          169 
7.865          170 
7.870          171 
7.875          171 
7.880          171 
7.885          172 
7.890          172 
7.895          171 
7.900          173 
7.905          173 
7.910          173 
7.915          173 
7.920          173 
7.925          173 
7.930          173 
7.935          173 
7.940          173 
7.945          174 
7.950          174 
7.955          174 
7.960          174 
7.965          174 
7.970          175 
7.975          173 
7.980          173 
7.985          172 
7.990          171 
7.995          171 
8.000          171 
8.005          170 
8.010          171 
8.015          170 
8.020          169 
8.025          169 
8.030          168 
8.035          168 
8.040          167 
8.045          167 
8.050          167 
8.055          166 
8.060          166 
8.065          167 
8.070          165 
8.075          166 
8.080          165 
8.085          164 
8.090          164 
8.095          164 
8.100          164 
8.105          165 
8.110          164 
8.115          162 
8.120          162 
8.125          162 
8.130          162 
8.135          162 
8.140          161 
8.145          162 
8.150          160 
8.155          160 
8.160          160 
8.165          160 
8.170          158 
8.175          158 
8.180          157 
8.185          156 
8.190          157 
8.195          156 
8.200          155 
8.205          155 
8.210          155 
8.215          153 
8.220          151 
8.225          151 
8.230          150 
8.235          149 
8.240          147 
8.245          146 
8.250          145 
8.255          145 
8.260          144 
8.265          143 
8.270          142 
8.275          141 
8.280          140 
8.285          140 
8.290          140 
8.295          141 
8.300          140 
8.305          138 
8.310          137 
8.315          137 
8.320          137 
8.325          136 
8.330          136 
8.335          135 
8.340          134 
8.345          134 
8.350          132 
8.355          131 
8.360          130 
8.365          128 
8.370          126 
8.375          126 
8.380          126 
8.385          125 
8.390          123 
8.395          122 
8.400          120 
8.405          119 
8.410          116 
8.415          115 
8.420          113 
8.425          113 
8.430          112 
8.435          109 
8.440          109 
8.445          109 
8.450          107 
8.455          106 
8.460          104 
8.465          104 
8.470          102 
8.475          101 
8.480          100 
8.485          99 
8.490          97 
8.495          97 
8.500          95 
8.505          95 
8.510          93 
8.515          91 
8.520          88 
8.525          86 
8.530          86 
8.535          85 
8.540          83 
8.545          82 
8.550          80 
8.555          80 
8.560          79 
8.565          78 
8.570          75 
8.575          73 
8.580          72 
8.585          70 
8.590          69 
8.595          67 
8.600          66 
8.605          65 
8.610          63 
8.615          64 
8.620          61 
8.625          59 
8.630          58 
8.635          56 
8.640          55 
8.645          54 
8.650          52 
8.655          50 
8.660          50 
8.665          48 
8.670          47 
8.675          46 
8.680          44 
8.685          43 
8.690          41 
8.695          40 
8.700          40 
8.705          38 
8.710          36 
8.715          35 
8.720          35 
8.725          34 
8.730          32 
8.735          31 
8.740          30 
8.745          30 
8.750          29 
8.755          29 
8.760          27 
8.765          26 
8.770          25 
8.775          25 
8.780          24 
8.785          23 
8.790          23 
8.795          22 
8.800          22 
8.805          20 
8.810          18 
8.815          18 
8.820          17 
8.825          15 
8.830          14 
8.835          13 
8.840          12 
8.845          12 
8.850          12 
8.855          11 
8.860          11 
8.865          10 
8.870          10 
8.875          9 
8.880          8 
8.885          10 
8.890          10 
8.895          10 
8.900          10 
8.905          10 
8.910          10 
8.915          10 
8.920          10 
8.925          8 
8.930          8 
8.935          8 
8.940          7 
8.945          6 
8.950          7 
8.955          9 
8.960          8 
8.965          8 
8.970          10 
8.975          10 
8.980          10 
8.985          11 
8.990          11 
8.995          12 
9.000          14 
9.005          15 
9.010          16 
9.015          18 
9.020          19 
9.025          20 
9.030          20 
9.035          22 
9.040          22 
9.045          22 
9.050          23 
9.055          24 
9.060          26 
9.065          27 
9.070          28 
9.075          29 
9.080          31 
9.085          32 
9.090          32 
9.095          33 
9.100          33 
9.105          35 
9.110          36 
9.115          37 
9.120          38 
9.125          39 
9.130          40 
9.135          41 
9.140          42 
9.145          43 
9.150          45 
9.155          46 
9.160          47 
9.165          49 
9.170          50 
9.175          52 
9.180          55 
9.185          56 
9.190          59 
9.195          61 
9.200          64 
9.205          67 
9.210          70 
9.215          72 
9.220          75 
9.225          77 
9.230          80 
9.235          83 
9.240          86 
9.245          89 
9.250          93 
9.255          95 
9.260          99 
9.265          103 
9.270          106 
9.275          110 
9.280          113 
9.285          117 
9.290          120 
9.295          125 
9.300          128 
9.305          132 
9.310          136 
9.315          140 
9.320          144 
9.325          148 
9.330          152 
9.335          157 
9.340          162 
9.345          167 
9.350          171 
9.355          175 
9.360          180 
9.365          186 
9.370          190 
9.375          196 
9.380          201 
9.385          207 
9.390          212 
9.395          219 
9.400          223 
9.405          230 
9.410          235 
9.415          241 
9.420          247 
9.425          253 
9.430          259 
9.435          266 
9.440          272 
9.445          278 
9.450          284 
9.455          291 
9.460          297 
9.465          304 
9.470          311 
9.475          318 
9.480          325 
9.485          333 
9.490          340 
9.495          346 
9.500          354 
9.505          361 
9.510          369 
9.515          377 
9.520          384 
9.525          391 
9.530          400 
9.535          407 
9.540          415 
9.545          422 
9.550          430 
9.555          437 
9.560          446 
9.565          455 
9.570          462 
9.575          469 
9.580          480 
9.585          488 
9.590          497 
9.595          504 
9.600          513 
9.605          521 
9.610          531 
9.615          540 
9.620          549 
9.625          559 
9.630          569 
9.635          578 
9.640          588 
9.645          597 
9.650          607 
9.655          617 
9.660          625 
9.665          635 
9.670          646 
9.675          656 
9.680          668 
9.685          678 
9.690          690 
9.695          700 
9.700          711 
9.705          721 
9.710          733 
9.715          744 
9.720          754 
9.725          764 
9.730          775 
9.735          786 
9.740          795 
9.745          807 
9.750          817 
9.755          828 
9.760          840 
9.765          850 
9.770          860 
9.775          870 
9.780          883 
9.785          893 
9.790          902 
9.795          915 
9.800          928 
9.805          939 
9.810          951 
9.815          964 
9.820          971 
9.825          985 
9.830          995 
9.835          1004 
9.840          1012 
9.845          1022 
9.850          1033 
9.855          1043 
9.860          1055 
9.865          1069 
9.870          1081 
9.875          1089 
9.880          1102 
9.885          1113 
9.890          1127 
9.895          1140 
9.900          1155 
9.905          1166 
9.910          1184 
9.915          1199 
9.920          1214 
9.925          1231 
9.930          1247 
9.935          1260 
9.940          1274 
9.945          1287 
9.950          1300 
9.955          1313 
9.960          1328 
9.965          1342 
9.970          1357 
9.975          1368 
9.980          1386 
9.985          1398 
9.990          1409 
9.995          1425 
10.000         1441 
10.005         1453 
10.010         1468 
10.015         1482 
10.020         1495 
10.025         1516 
10.030         1529 
10.035         1541 
10.040         1551 
10.045         1569 
10.050         1586 
10.055         1597 
10.060         1615 
10.065         1630 
10.070         1649 
10.075         1662 
10.080         1683 
10.085         1698 
10.090         1713 
10.095         1727 
10.100         1744 
10.105         1762 
10.110         1783 
10.115         1801 
10.120         1821 
10.125         1840 
10.130         1858 
10.135         1869 
10.140         1887 
10.145         1905 
10.150         1924 
10.155         1937 
10.160         1952 
10.165         1967 
10.170         1990 
10.175         2007 
10.180         2025 
10.185         2042 
10.190         2059 
10.195         2072 
10.200         2088 
10.205         2103 
10.210         2124 
10.215         2142 
10.220         2160 
10.225         2172 
10.230         2191 
10.235         2208 
10.240         2232 
10.245         2243 
10.250         2256 
10.255         2272 
10.260         2287 
10.265         2307 
10.270         2322 
10.275         2335 
10.280         2352 
10.285         2362 
10.290         2380 
10.295         2389 
10.300         2407 
10.305         2414 
10.310         2431 
10.315         2446 
10.320         2460 
10.325         2475 
10.330         2489 
10.335         2502 
10.340         2519 
10.345         2532 
10.350         2546 
10.355         2559 
10.360         2583 
10.365         2595 
10.370         2605 
10.375         2618 
10.380         2633 
10.385         2650 
10.390         2657 
10.395         2670 
10.400         2682 
10.405         2692 
10.410         2702 
10.415         2714 
10.420         2734 
10.425         2746 
10.430         2765 
10.435         2770 
10.440         2783 
10.445         2795 
10.450         2811 
10.455         2827 
10.460         2836 
10.465         2848 
10.470         2868 
10.475         2879 
10.480         2890 
10.485         2906 
10.490         2910 
10.495         2911 
10.500         2916 
10.505         2919 
10.510         2935 
10.515         2948 
10.520         2965 
10.525         2968 
10.530         2975 
10.535         2986 
10.540         2998 
10.545         3004 
10.550         3017 
10.555         3033 
10.560         3042 
10.565         3051 
10.570         3061 
10.575         3073 
10.580         3081 
10.585         3087 
10.590         3092 
10.595         3101 
10.600         3107 
10.605         3115 
10.610         3124 
10.615         3129 
10.620         3141 
10.625         3144 
10.630         3147 
10.635         3154 
10.640         3168 
10.645         3183 
10.650         3196 
10.655         3213 
10.660         3216 
10.665         3222 
10.670         3231 
10.675         3241 
10.680         3250 
10.685         3250 
10.690         3258 
10.695         3269 
10.700         3285 
10.705         3300 
10.710         3312 
10.715         3317 
10.720         3323 
10.725         3334 
10.730         3342 
10.735         3357 
10.740         3367 
10.745         3373 
10.750         3390 
10.755         3407 
10.760         3424 
10.765         3442 
10.770         3445 
10.775         3446 
10.780         3458 
10.785         3465 
10.790         3476 
10.795         3481 
10.800         3493 
10.805         3495 
10.810         3497 
10.815         3510 
10.820         3520 
10.825         3530 
10.830         3532 
10.835         3534 
10.840         3531 
10.845         3537 
10.850         3547 
10.855         3554 
10.860         3562 
10.865         3572 
10.870         3587 
10.875         3592 
10.880         3601 
10.885         3618 
10.890         3628 
10.895         3638 
10.900         3635 
10.905         3639 
10.910         3654 
10.915         3669 
10.920         3684 
10.925         3688 
10.930         3684 
10.935         3693 
10.940         3693 
10.945         3695 
10.950         3697 
10.955         3710 
10.960         3716 
10.965         3720 
10.970         3719 
10.975         3734 
10.980         3738 
10.985         3740 
10.990         3738 
10.995         3743 
11.000         3757 
11.005         3767 
11.010         3760 
11.015         3770 
11.020         3775 
11.025         3785 
11.030         3786 
11.035         3787 
11.040         3787 
11.045         3799 
11.050         3803 
11.055         3806 
11.060         3803 
11.065         3815 
11.070         3815 
11.075         3818 
11.080         3826 
11.085         3835 
11.090         3827 
11.095         3826 
11.100         3825 
11.105         3824 
11.110         3827 
11.115         3837 
11.120         3839 
11.125         3836 
11.130         3839 
11.135         3851 
11.140         3841 
11.145         3836 
11.150         3835 
11.155         3836 
11.160         3844 
11.165         3851 
11.170         3858 
11.175         3856 
11.180         3864 
11.185         3860 
11.190         3861 
11.195         3851 
11.200         3851 
11.205         3852 
11.210         3850 
11.215         3858 
11.220         3868 
11.225         3869 
11.230         3862 
11.235         3853 
11.240         3857 
11.245         3854 
11.250         3860 
11.255         3855 
11.260         3863 
11.265         3855 
11.270         3866 
11.275         3863 
11.280         3868 
11.285         3871 
11.290         3867 
11.295         3861 
11.300         3859 
11.305         3865 
11.310         3873 
11.315         3876 
11.320         3883 
11.325         3877 
11.330         3870 
11.335         3859 
11.340         3868 
11.345         3864 
11.350         3861 
11.355         3861 
11.360         3862 
11.365         3862 
11.370         3858 
11.375         3864 
11.380         3864 
11.385         3866 
11.390         3856 
11.395         3850 
11.400         3855 
11.405         3853 
11.410         3855 
11.415         3842 
11.420         3847 
11.425         3856 
11.430         3847 
11.435         3841 
11.440         3840 
11.445         3847 
11.450         3837 
11.455         3826 
11.460         3823 
11.465         3829 
11.470         3832 
11.475         3826 
11.480         3825 
11.485         3822 
11.490         3820 
11.495         3816 
11.500         3808 
11.505         3803 
11.510         3805 
11.515         3801 
11.520         3795 
11.525         3799 
11.530         3796 
11.535         3792 
11.540         3781 
11.545         3783 
11.550         3779 
11.555         3777 
11.560         3772 
11.565         3773 
11.570         3770 
11.575         3765 
11.580         3763 
11.585         3758 
11.590         3761 
11.595         3752 
11.600         3747 
11.605         3751 
11.610         3747 
11.615         3742 
11.620         3736 
11.625         3723 
11.630         3720 
11.635         3722 
11.640         3720 
11.645         3709 
11.650         3706 
11.655         3700 
11.660         3687 
11.665         3683 
11.670         3683 
11.675         3676 
11.680         3671 
11.685         3661 
11.690         3662 
11.695         3658 
11.700         3660 
11.705         3662 
11.710         3658 
11.715         3655 
11.720         3654 
11.725         3643 
11.730         3637 
11.735         3639 
11.740         3636 
11.745         3631 
11.750         3626 
11.755         3618 
11.760         3613 
11.765         3610 
11.770         3601 
11.775         3598 
11.780         3592 
11.785         3588 
11.790         3581 
11.795         3566 
11.800         3560 
11.805         3564 
11.810         3559 
11.815         3552 
11.820         3538 
11.825         3522 
11.830         3515 
11.835         3504 
11.840         3490 
11.845         3480 
11.850         3469 
11.855         3461 
11.860         3455 
11.865         3443 
11.870         3439 
11.875         3437 
11.880         3426 
11.885         3419 
11.890         3411 
11.895         3411 
11.900         3412 
11.905         3403 
11.910         3403 
11.915         3398 
11.920         3395 
11.925         3394 
11.930         3380 
11.935         3366 
11.940         3364 
11.945         3355 
11.950         3343 
11.955         3332 
11.960         3324 
11.965         3317 
11.970         3309 
11.975         3296 
11.980         3281 
11.985         3275 
11.990         3265 
11.995         3257 
12.000         3242 
12.005         3236 
12.010         3220 
12.015         3208 
12.020         3203 
12.025         3200 
12.030         3200 
12.035         3184 
12.040         3169 
12.045         3164 
12.050         3158 
12.055         3156 
12.060         3146 
12.065         3135 
12.070         3120 
12.075         3110 
12.080         3102 
12.085         3095 
12.090         3088 
12.095         3081 
12.100         3067 
12.105         3051 
12.110         3045 
12.115         3032 
12.120         3018 
12.125         3005 
12.130         2998 
12.135         2982 
12.140         2972 
12.145         2965 
12.150         2956 
12.155         2944 
12.160         2935 
12.165         2926 
12.170         2918 
12.175         2913 
12.180         2902 
12.185         2890 
12.190         2882 
12.195         2874 
12.200         2868 
12.205         2851 
12.210         2837 
12.215         2833 
12.220         2822 
12.225         2809 
12.230         2805 
12.235         2794 
12.240         2782 
12.245         2764 
12.250         2747 
12.255         2741 
12.260         2730 
12.265         2716 
12.270         2705 
12.275         2694 
12.280         2681 
12.285         2670 
12.290         2649 
12.295         2637 
12.300         2632 
12.305         2613 
12.310         2604 
12.315         2588 
12.320         2575 
12.325         2570 
12.330         2552 
12.335         2542 
12.340         2531 
12.345         2513 
12.350         2504 
12.355         2494 
12.360         2485 
12.365         2473 
12.370         2465 
12.375         2454 
12.380         2447 
12.385         2433 
12.390         2415 
12.395         2411 
12.400         2398 
12.405         2389 
12.410         2379 
12.415         2367 
12.420         2357 
12.425         2338 
12.430         2333 
12.435         2321 
12.440         2314 
12.445         2302 
12.450         2290 
12.455         2274 
12.460         2260 
12.465         2253 
12.470         2241 
12.475         2226 
12.480         2213 
12.485         2194 
12.490         2180 
12.495         2174 
12.500         2166 
12.505         2156 
12.510         2142 
12.515         2128 
12.520         2112 
12.525         2103 
12.530         2092 
12.535         2087 
12.540         2079 
12.545         2070 
12.550         2060 
12.555         2058 
12.560         2052 
12.565         2048 
12.570         2038 
12.575         2035 
12.580         2028 
12.585         2025 
12.590         2025 
12.595         2022 
12.600         2012 
12.605         2010 
12.610         2006 
12.615         2001 
12.620         1993 
12.625         1986 
12.630         1976 
12.635         1970 
12.640         1958 
12.645         1947 
12.650         1932 
12.655         1923 
12.660         1916 
12.665         1904 
12.670         1890 
12.675         1882 
12.680         1872 
12.685         1861 
12.690         1848 
12.695         1830 
12.700         1823 
12.705         1814 
12.710         1806 
12.715         1799 
12.720         1790 
12.725         1781 
12.730         1770 
12.735         1759 
12.740         1746 
12.745         1733 
12.750         1718 
12.755         1705 
12.760         1694 
12.765         1686 
12.770         1680 
12.775         1666 
12.780         1657 
12.785         1646 
12.790         1635 
12.795         1625 
12.800         1611 
12.805         1600 
12.810         1588 
12.815         1583 
12.820         1572 
12.825         1559 
12.830         1544 
12.835         1532 
12.840         1520 
12.845         1510 
12.850         1496 
12.855         1480 
12.860         1467 
12.865         1454 
12.870         1441 
12.875         1433 
12.880         1417 
12.885         1400 
12.890         1386 
12.895         1376 
12.900         1363 
12.905         1353 
12.910         1338 
12.915         1326 
12.920         1315 
12.925         1306 
12.930         1295 
12.935         1277 
12.940         1266 
12.945         1254 
12.950         1241 
12.955         1229 
12.960         1219 
12.965         1203 
12.970         1196 
12.975         1191 
12.980         1185 
12.985         1174 
12.990         1160 
12.995         1149 
13.000         1137 
13.005         1127 
13.010         1118 
13.015         1106 
13.020         1096 
13.025         1087 
13.030         1076 
13.035         1067 
13.040         1057 
13.045         1046 
13.050         1032 
13.055         1020 
13.060         1009 
13.065         999 
13.070         984 
13.075         976 
13.080         968 
13.085         958 
13.090         948 
13.095         934 
13.100         922 
13.105         914 
13.110         905 
13.115         895 
13.120         880 
13.125         868 
13.130         858 
13.135         850 
13.140         840 
13.145         832 
13.150         818 
13.155         807 
13.160         799 
13.165         789 
13.170         780 
13.175         769 
13.180         760 
13.185         750 
13.190         742 
13.195         735 
13.200         725 
13.205         711 
13.210         700 
13.215         692 
13.220         683 
13.225         674 
13.230         662 
13.235         653 
13.240         645 
13.245         637 
13.250         631 
13.255         618 
13.260         611 
13.265         602 
13.270         594 
13.275         588 
13.280         583 
13.285         577 
13.290         571 
13.295         564 
13.300         558 
13.305         551 
13.310         542 
13.315         535 
13.320         529 
13.325         521 
13.330         515 
13.335         505 
13.340         498 
13.345         490 
13.350         484 
13.355         477 
13.360         467 
13.365         457 
13.370         449 
13.375         443 
13.380         436 
13.385         428 
13.390         418 
13.395         411 
13.400         404 
13.405         398 
13.410         392 
13.415         384 
13.420         378 
13.425         371 
13.430         366 
13.435         359 
13.440         350 
13.445         344 
13.450         336 
13.455         330 
13.460         324 
13.465         319 
13.470         311 
13.475         304 
13.480         296 
13.485         290 
13.490         285 
13.495         276 
13.500         269 
13.505         262 
13.510         258 
13.515         253 
13.520         247 
13.525         242 
13.530         236 
13.535         232 
13.540         227 
13.545         221 
13.550         215 
13.555         211 
13.560         206 
13.565         200 
13.570         196 
13.575         191 
13.580         187 
13.585         181 
13.590         177 
13.595         172 
13.600         166 
13.605         161 
13.610         156 
13.615         153 
13.620         149 
13.625         144 
13.630         140 
13.635         136 
13.640         132 
13.645         128 
13.650         124 
13.655         118 
13.660         115 
13.665         111 
13.670         108 
13.675         104 
13.680         100 
13.685         97 
13.690         93 
13.695         91 
13.700         88 
13.705         83 
13.710         80 
13.715         77 
13.720         74 
13.725         72 
13.730         71 
13.735         67 
13.740         64 
13.745         62 
13.750         60 
13.755         58 
13.760         55 
13.765         52 
13.770         49 
13.775         49 
13.780         48 
13.785         45 
13.790         43 
13.795         40 
13.800         38 
13.805         36 
13.810         35 
13.815         33 
13.820         32 
13.825         30 
13.830         28 
13.835         26 
13.840         25 
13.845         24 
13.850         23 
13.855         21 
13.860         20 
13.865         19 
13.870         18 
13.875         17 
13.880         16 
13.885         15 
13.890         14 
13.895         12 
13.900         11 
13.905         11 
13.910         11 
13.915         10 
13.920         10 
13.925         8 
13.930         8 
13.935         9 
13.940         9 
13.945         8 
13.950         8 
13.955         9 
13.960         7 
13.965         8 
13.970         8 
13.975         8 
13.980         8 
13.985         7 
13.990         8 
13.995         7 
14.000         8 
14.005         9 
14.010         9 
14.015         8 
14.020         8 
14.025         8 
14.030         7 
14.035         8 
14.040         8 
14.045         8 
14.050         9 
14.055         9 
14.060         11 
14.065         11 
14.070         11 
14.075         11 
14.080         11 
14.085         12 
14.090         12 
14.095         13 
14.100         14 
14.105         14 
14.110         15 
14.115         16 
14.120         17 
14.125         17 
14.130         18 
14.135         17 
14.140         18 
14.145         19 
14.150         20 
14.155         20 
14.160         21 
14.165         22 
14.170         24 
14.175         25 
14.180         27 
14.185         28 
14.190         30 
14.195         31 
14.200         32 
14.205         33 
14.210         34 
14.215         35 
14.220         36 
14.225         38 
14.230         39 
14.235         40 
14.240         42 
14.245         42 
14.250         42 
14.255         43 
14.260         44 
14.265         45 
14.270         46 
14.275         46 
14.280         48 
14.285         49 
14.290         51 
14.295         51 
14.300         53 
14.305         54 
14.310         55 
14.315         57 
14.320         59 
14.325         61 
14.330         63 
14.335         65 
14.340         66 
14.345         68 
14.350         71 
14.355         72 
14.360         74 
14.365         76 
14.370         78 
14.375         80 
14.380         81 
14.385         83 
14.390         83 
14.395         85 
14.400         87 
14.405         89 
14.410         90 
14.415         91 
14.420         92 
14.425         93 
14.430         95 
14.435         96 
14.440         96 
14.445         97 
14.450         98 
14.455         99 
14.460         101 
14.465         103 
14.470         104 
14.475         104 
14.480         105 
14.485         107 
14.490         108 
14.495         110 
14.500         111 
14.505         112 
14.510         114 
14.515         115 
14.520         117 
14.525         119 
14.530         120 
14.535         122 
14.540         122 
14.545         123 
14.550         125 
14.555         126 
14.560         127 
14.565         128 
14.570         130 
14.575         131 
14.580         133 
14.585         134 
14.590         136 
14.595         137 
14.600         138 
14.605         140 
14.610         141 
14.615         142 
14.620         142 
14.625         144 
14.630         146 
14.635         147 
14.640         147 
14.645         149 
14.650         149 
14.655         149 
14.660         150 
14.665         151 
14.670         152 
14.675         152 
14.680         153 
14.685         154 
14.690         155 
14.695         156 
14.700         158 
14.705         158 
14.710         159 
14.715         160 
14.720         161 
14.725         162 
14.730         163 
14.735         163 
14.740         163 
14.745         162 
14.750         163 
14.755         164 
14.760         163 
14.765         163 
14.770         163 
14.775         163 
14.780         163 
14.785         164 
14.790         164 
14.795         164 
14.800         164 
14.805         164 
14.810         165 
14.815         166 
14.820         166 
14.825         166 
14.830         166 
14.835         168 
14.840         169 
14.845         169 
14.850         169 
14.855         170 
14.860         170 
14.865         170 
14.870         170 
14.875         171 
14.880         171 
14.885         171 
14.890         172 
14.895         173 
14.900         173 
14.905         172 
14.910         172 
14.915         171 
14.920         171 
14.925         170 
14.930         170 
14.935         170 
14.940         170 
14.945         170 
14.950         170 
14.955         171 
14.960         170 
14.965         170 
14.970         170 
14.975         171 
14.980         171 
14.985         171 
14.990         171 
14.995         171 
15.000         170 
15.005         171 
15.010         170 
15.015         169 
15.020         169 
15.025         167 
15.030         167 
15.035         166 
15.040         166 
15.045         165 
15.050         164 
15.055         162 
15.060         161 
15.065         161 
15.070         161 
15.075         160 
15.080         159 
15.085         159 
15.090         158 
15.095         157 
15.100         156 
15.105         154 
15.110         153 
15.115         152 
15.120         151 
15.125         151 
15.130         151 
15.135         151 
15.140         151 
15.145         151 
15.150         151 
15.155         150 
15.160         150 
15.165         150 
15.170         149 
15.175         149 
15.180         148 
15.185         148 
15.190         146 
15.195         144 
15.200         144 
15.205         143 
15.210         142 
15.215         141 
15.220         139 
15.225         137 
15.230         136 
15.235         135 
15.240         133 
15.245         133 
15.250         131 
15.255         131 
15.260         130 
15.265         129 
15.270         129 
15.275         127 
15.280         125 
15.285         124 
15.290         123 
15.295         122 
15.300         121 
15.305         120 
15.310         119 
15.315         118 
15.320         116 
15.325         116 
15.330         114 
15.335         113 
15.340         113 
15.345         111 
15.350         111 
15.355         110 
15.360         109 
15.365         108 
15.370         107 
15.375         106 
15.380         105 
15.385         103 
15.390         103 
15.395         102 
15.400         101 
15.405         99 
15.410         98 
15.415         96 
15.420         95 
15.425         93 
15.430         92 
15.435         92 
15.440         91 
15.445         90 
15.450         90 
15.455         89 
15.460         88 
15.465         86 
15.470         86 
15.475         85 
15.480         84 
15.485         85 
15.490         85 
15.495         85 
15.500         85 
15.505         84 
15.510         83 
15.515         83 
15.520         82 
15.525         82 
15.530         80 
15.535         80 
15.540         78 
15.545         77 
15.550         76 
15.555         76 
15.560         75 
15.565         72 
15.570         72 
15.575         71 
15.580         69 
15.585         68 
15.590         66 
15.595         64 
15.600         63 
15.605         62 
15.610         60 
15.615         60 
15.620         60 
15.625         59 
15.630         58 
15.635         57 
15.640         57 
15.645         56 
15.650         55 
15.655         54 
15.660         52 
15.665         53 
15.670         52 
15.675         52 
15.680         52 
15.685         53 
15.690         52 
15.695         51 
15.700         51 
15.705         50 
15.710         50 
15.715         49 
15.720         48 
15.725         48 
15.730         47 
15.735         46 
15.740         45 
15.745         45 
15.750         43 
15.755         42 
15.760         41 
15.765         39 
15.770         38 
15.775         36 
15.780         35 
15.785         35 
15.790         34 
15.795         33 
15.800         32 
15.805         32 
15.810         31 
15.815         30 
15.820         29 
15.825         29 
15.830         28 
15.835         28 
15.840         29 
15.845         28 
15.850         27 
15.855         27 
15.860         25 
15.865         24 
15.870         24 
15.875         23 
15.880         23 
15.885         22 
15.890         22 
15.895         22 
15.900         20 
15.905         19 
15.910         18 
15.915         17 
15.920         16 
15.925         16 
15.930         17 
15.935         17 
15.940         16 
15.945         16 
15.950         16 
15.955         16 
15.960         16 
15.965         15 
15.970         14 
15.975         14 
15.980         12 
15.985         13 
15.990         13 
15.995         13 
16.000         13 
16.005         12 
16.010         11 
16.015         11 
16.020         12 
16.025         11 
16.030         11 
16.035         11 
16.040         11 
16.045         11 
16.050         11 
16.055         12 
16.060         11 
16.065         11 
16.070         10 
16.075         9 
16.080         8 
16.085         9 
16.090         8 
16.095         8 
16.100         8 
16.105         7 
16.110         7 
16.115         7 
16.120         7 
16.125         6 
16.130         6 
16.135         6 
16.140         6 
16.145         5 
16.150         5 
16.155         6 
16.160         5 
16.165         6 
16.170         6 
16.175         4 
16.180         4 
16.185         4 
16.190         4 
16.195         4 
16.200         3 
16.205         3 
16.210         3 
16.215         3 
16.220         4 
16.225         4 
16.230         3 
16.235         3 
16.240         3 
16.245         2 
16.250         3 
16.255         4 
16.260         4 
16.265         4 
16.270         3 
16.275         3 
16.280         4 
16.285         3 
16.290         4 
16.295         4 
16.300         4 
16.305         3 
16.310         3 
16.315         3 
16.320         4 
16.325         4 
16.330         4 
16.335         3 
16.340         4 
16.345         4 
16.350         5 
16.355         5 
16.360         5 
16.365         5 
16.370         5 
16.375         6 
16.380         6 
16.385         6 
16.390         6 
16.395         5 
16.400         5 
16.405         5 
16.410         5 
16.415         5 
16.420         5 
16.425         5 
16.430         5 
16.435         5 
16.440         5 
16.445         6 
16.450         6 
16.455         7 
16.460         7 
16.465         6 
16.470         6 
16.475         6 
16.480         7 
16.485         7 
16.490         7 
16.495         6 
16.500         6 
16.505         5 
16.510         6 
16.515         6 
16.520         6 
16.525         5 
16.530         6 
16.535         6 
16.540         7 
16.545         7 
16.550         6 
16.555         7 
16.560         7 
16.565         7 
16.570         8 
16.575         8 
16.580         8 
16.585         8 
16.590         9 
16.595         9 
16.600         10 
16.605         10 
16.610         10 
16.615         11 
16.620         12 
16.625         12 
16.630         11 
16.635         11 
16.640         12 
16.645         12 
16.650         13 
16.655         13 
16.660         14 
16.665         14 
16.670         14 
16.675         14 
16.680         14 
16.685         14 
16.690         13 
16.695         14 
16.700         14 
16.705         15 
16.710         17 
16.715         16 
16.720         16 
16.725         15 
16.730         16 
16.735         16 
16.740         15 
16.745         16 
16.750         16 
16.755         17 
16.760         18 
16.765         19 
16.770         19 
16.775         20 
16.780         19 
16.785         19 
16.790         20 
16.795         20 
16.800         21 
16.805         20 
16.810         20 
16.815         21 
16.820         21 
16.825         21 
16.830         20 
16.835         19 
16.840         19 
16.845         20 
16.850         21 
16.855         21 
16.860         21 
16.865         21 
16.870         21 
16.875         21 
16.880         22 
16.885         23 
16.890         23 
16.895         24 
16.900         24 
16.905         25 
16.910         25 
16.915         25 
16.920         25 
16.925         24 
16.930         25 
16.935         26 
16.940         27 
16.945         28 
16.950         28 
16.955         27 
16.960         28 
16.965         28 
16.970         28 
16.975         29 
16.980         30 
16.985         31 
16.990         32 
16.995         33 
17.000         33 
17.005         33 
17.010         33 
17.015         32 
17.020         34 
17.025         35 
17.030         36 
17.035         36 
17.040         37 
17.045         36 
17.050         36 
17.055         35 
17.060         35 
17.065         36 
17.070         36 
17.075         36 
17.080         36 
17.085         36 
17.090         37 
17.095         37 
17.100         37 
17.105         38 
17.110         38 
17.115         38 
17.120         39 
17.125         40 
17.130         41 
17.135         41 
17.140         42 
17.145         43 
17.150         43 
17.155         44 
17.160         44 
17.165         45 
17.170         44 
17.175         44 
17.180         44 
17.185         46 
17.190         46 
17.195         46 
17.200         46 
17.205         46 
17.210         46 
17.215         46 
17.220         45 
17.225         45 
17.230         46 
17.235         47 
17.240         47 
17.245         46 
17.250         46 
17.255         47 
17.260         47 
17.265         48 
17.270         49 
17.275         49 
17.280         50 
17.285         51 
17.290         50 
17.295         51 
17.300         51 
17.305         51 
17.310         51 
17.315         51 
17.320         53 
17.325         54 
17.330         54 
17.335         54 
17.340         54 
17.345         53 
17.350         53 
17.355         54 
17.360         53 
17.365         53 
17.370         53 
17.375         53 
17.380         54 
17.385         55 
17.390         54 
17.395         54 
17.400         54 
17.405         54 
17.410         54 
17.415         54 
17.420         54 
17.425         54 
17.430         54 
17.435         55 
17.440         56 
17.445         57 
17.450         57 
17.455         58 
17.460         58 
17.465         59 
17.470         59 
17.475         59 
17.480         60 
17.485         61 
17.490         61 
17.495         61 
17.500         62 
17.505         62 
17.510         62 
17.515         61 
17.520         61 
17.525         62 
17.530         61 
17.535         61 
17.540         62 
17.545         61 
17.550         61 
17.555         60 
17.560         60 
17.565         60 
17.570         59 
17.575         58 
17.580         58 
17.585         58 
17.590         59 
17.595         59 
17.600         59 
17.605         59 
17.610         59 
17.615         59 
17.620         60 
17.625         60 
17.630         61 
17.635         61 
17.640         60 
17.645         61 
17.650         62 
17.655         63 
17.660         63 
17.665         63 
17.670         63 
17.675         63 
17.680         64 
17.685         64 
17.690         63 
17.695         63 
17.700         62 
17.705         62 
17.710         62 
17.715         63 
17.720         63 
17.725         62 
17.730         61 
17.735         62 
17.740         61 
17.745         62 
17.750         61 
17.755         61 
17.760         61 
17.765         61 
17.770         61 
17.775         62 
17.780         62 
17.785         62 
17.790         61 
17.795         61 
17.800         61 
17.805         60 
17.810         60 
17.815         60 
17.820         61 
17.825         61 
17.830         61 
17.835         59 
17.840         60 
17.845         60 
17.850         59 
17.855         60 
17.860         60 
17.865         60 
17.870         60 
17.875         61 
17.880         61 
17.885         61 
17.890         61 
17.895         61 
17.900         60 
17.905         60 
17.910         60 
17.915         60 
17.920         59 
17.925         60 
17.930         59 
17.935         59 
17.940         60 
17.945         59 
17.950         58 
17.955         58 
17.960         58 
17.965         58 
17.970         58 
17.975         58 
17.980         58 
17.985         58 
17.990         58 
17.995         57 
18.000         57 
18.005         57 
18.010         56 
18.015         55 
18.020         56 
18.025         55 
18.030         56 
18.035         55 
18.040         55 
18.045         55 
18.050         55 
18.055         55 
18.060         54 
18.065         54 
18.070         54 
18.075         54 
18.080         54 
18.085         53 
18.090         54 
18.095         53 
18.100         53 
18.105         52 
18.110         53 
18.115         52 
18.120         52 
18.125         51 
18.130         51 
18.135         51 
18.140         50 
18.145         50 
18.150         49 
18.155         48 
18.160         48 
18.165         47 
18.170         48 
18.175         47 
18.180         47 
18.185         46 
18.190         47 
18.195         46 
18.200         46 
18.205         46 
18.210         46 
18.215         46 
18.220         45 
18.225         45 
18.230         45 
18.235         44 
18.240         44 
18.245         43 
18.250         43 
18.255         43 
18.260         43 
18.265         42 
18.270         42 
18.275         42 
18.280         42 
18.285         41 
18.290         41 
18.295         41 
18.300         41 
18.305         41 
18.310         42 
18.315         42 
18.320         42 
18.325         42 
18.330         41 
18.335         40 
18.340         40 
18.345         40 
18.350         39 
18.355         40 
18.360         40 
18.365         39 
18.370         39 
18.375         39 
18.380         38 
18.385         36 
18.390         35 
18.395         36 
18.400         35 
18.405         36 
18.410         35 
18.415         35 
18.420         33 
18.425         33 
18.430         32 
18.435         31 
18.440         31 
18.445         30 
18.450         30 
18.455         30 
18.460         30 
18.465         29 
18.470         28 
18.475         28 
18.480         28 
18.485         28 
18.490         28 
18.495         27 
18.500         27 
18.505         27 
18.510         27 
18.515         26 
18.520         26 
18.525         25 
18.530         26 
18.535         25 
18.540         25 
18.545         25 
18.550         24 
18.555         24 
18.560         24 
18.565         24 
18.570         24 
18.575         23 
18.580         22 
18.585         22 
18.590         21 
18.595         20 
18.600         19 
18.605         18 
18.610         18 
18.615         18 
18.620         18 
18.625         17 
18.630         16 
18.635         15 
18.640         15 
18.645         14 
18.650         15 
18.655         15 
18.660         16 
18.665         16 
18.670         15 
18.675         16 
18.680         16 
18.685         15 
18.690         14 
18.695         14 
18.700         14 
18.705         13 
18.710         13 
18.715         11 
18.720         10 
18.725         10 
18.730         9 
18.735         8 
18.740         7 
18.745         7 
18.750         8 
18.755         7 
18.760         6 
18.765         6 
18.770         6 
18.775         6 
18.780         5 
18.785         6 
18.790         6 
18.795         7 
18.800         7 
18.805         7 
18.810         8 
18.815         7 
18.820         7 
18.825         6 
18.830         6 
18.835         6 
18.840         6 
18.845         6 
18.850         5 
18.855         5 
18.860         5 
18.865         5 
18.870         5 
18.875         5 
18.880         4 
18.885         4 
18.890         4 
18.895         4 
18.900         4 
18.905         3 
18.910         4 
18.915         3 
18.920         4 
18.925         4 
18.930         4 
18.935         4 
18.940         3 
18.945         3 
18.950         2 
18.955         3 
18.960         2 
18.965         2 
18.970         1 
18.975         2 
18.980         2 
18.985         2 
18.990         2 
18.995         1 
19.000         2 
19.005         2 
19.010         1 
19.015         1 
19.020         1 
19.025         3 
19.030         2 
19.035         2 
19.040         2 
19.045         3 
19.050         3 
19.055         3 
19.060         2 
19.065         3 
19.070         4 
19.075         4 
19.080         4 
19.085         4 
19.090         5 
19.095         4 
19.100         3 
19.105         3 
19.110         3 
19.115         4 
19.120         3 
19.125         4 
19.130         4 
19.135         3 
19.140         4 
19.145         3 
19.150         3 
19.155         3 
19.160         2 
19.165         2 
19.170         2 
19.175         3 
19.180         3 
19.185         3 
19.190         3 
19.195         4 
19.200         3 
19.205         4 
19.210         5 
19.215         6 
19.220         5 
19.225         6 
19.230         6 
19.235         6 
19.240         7 
19.245         7 
19.250         6 
19.255         7 
19.260         8 
19.265         7 
19.270         7 
19.275         8 
19.280         8 
19.285         8 
19.290         7 
19.295         8 
19.300         8 
19.305         8 
19.310         9 
19.315         8 
19.320         9 
19.325         10 
19.330         11 
19.335         11 
19.340         12 
19.345         12 
19.350         12 
19.355         12 
19.360         12 
19.365         13 
19.370         12 
19.375         12 
19.380         12 
19.385         12 
19.390         13 
19.395         13 
19.400         13 
19.405         12 
19.410         13 
19.415         13 
19.420         13 
19.425         13 
19.430         13 
19.435         13 
19.440         12 
19.445         13 
19.450         14 
19.455         14 
19.460         14 
19.465         14 
19.470         14 
19.475         13 
19.480         13 
19.485         13 
19.490         13 
19.495         13 
19.500         13 
19.505         14 
19.510         15 
19.515         16 
19.520         16 
19.525         15 
19.530         15 
19.535         16 
19.540         17 
19.545         17 
19.550         18 
19.555         19 
19.560         20 
19.565         20 
19.570         21 
19.575         21 
19.580         21 
19.585         21 
19.590         21 
19.595         21 
19.600         22 
19.605         22 
19.610         22 
19.615         22 
19.620         23 
19.625         22 
19.630         23 
19.635         22 
19.640         24 
19.645         23 
19.650         24 
19.655         24 
19.660         24 
19.665         24 
19.670         25 
19.675         25 
19.680         25 
19.685         25 
19.690         25 
19.695         24 
19.700         25 
19.705         25 
19.710         25 
19.715         25 
19.720         25 
19.725         25 
19.730         24 
19.735         25 
19.740         25 
19.745         24 
19.750         25 
19.755         26 
19.760         26 
19.765         26 
19.770         27 
19.775         27 
19.780         27 
19.785         28 
19.790         29 
19.795         28 
19.800         29 
19.805         30 
19.810         30 
19.815         30 
19.820         31 
19.825         32 
19.830         31 
19.835         32 
19.840         32 
19.845         32 
19.850         32 
19.855         32 
19.860         32 
19.865         32 
19.870         34 
19.875         34 
19.880         33 
19.885         32 
19.890         32 
19.895         32 
19.900         32 
19.905         31 
19.910         31 
19.915         32 
19.920         33 
19.925         32 
19.930         32 
19.935         31 
19.940         31 
19.945         31 
19.950         31 
19.955         32 
19.960         32 
19.965         27 
19.970         39 
19.975         34 
19.980         35 
19.985         36 
19.990         34 
19.995         26 
