0.000          15 
0.010          21 
0.020          25 
0.030          8 
0.040          16 
0.050          28 
0.060          9 
0.070          23 
0.080          17 
0.090          18 
0.100          18 
0.110          17 
0.120          18 
0.130          18 
0.140          17 
0.150          16 
0.160          16 
0.170          15 
0.180          14 
0.190          14 
0.200          14 
0.210          14 
0.220          13 
0.230          13 
0.240          12 
0.250          11 
0.260          12 
0.270          11 
0.280          10 
0.290          10 
0.300          11 
0.310          11 
0.320          10 
0.330          11 
0.340          11 
0.350          10 
0.360          10 
0.370          10 
0.380          10 
0.390          10 
0.400          10 
0.410          10 
0.420          9 
0.430          10 
0.440          10 
0.450          9 
0.460          9 
0.470          9 
0.480          9 
0.490          8 
0.500          8 
0.510          7 
0.520          7 
0.530          6 
0.540          5 
0.550          6 
0.560          4 
0.570          5 
0.580          5 
0.590          5 
0.600          5 
0.610          4 
0.620          5 
0.630          4 
0.640          4 
0.650          5 
0.660          5 
0.670          6 
0.680          6 
0.690          7 
0.700          6 
0.710          6 
0.720          5 
0.730          5 
0.740          4 
0.750          4 
0.760          4 
0.770          4 
0.780          4 
0.790          3 
0.800          2 
0.810          2 
0.820          3 
0.830          3 
0.840          2 
0.850          2 
0.860          2 
0.870          3 
0.880          3 
0.890          3 
0.900          3 
0.910          3 
0.920          3 
0.930          3 
0.940          4 
0.950          4 
0.960          4 
0.970          4 
0.980          4 
0.990          4 
1.000          4 
1.010          4 
1.020          4 
1.030          3 
1.040          3 
1.050          3 
1.060          3 
1.070          4 
1.080          4 
1.090          4 
1.100          5 
1.110          4 
1.120          4 
1.130          4 
1.140          5 
1.150          5 
1.160          5 
1.170          6 
1.180          7 
1.190          6 
1.200          6 
1.210          7 
1.220          7 
1.230          7 
1.240          6 
1.250          6 
1.260          6 
1.270          7 
1.280          7 
1.290          6 
1.300          7 
1.310          6 
1.320          6 
1.330          6 
1.340          5 
1.350          5 
1.360          5 
1.370          5 
1.380          5 
1.390          5 
1.400          5 
1.410          5 
1.420          5 
1.430          6 
1.440          6 
1.450          5 
1.460          6 
1.470          6 
1.480          6 
1.490          7 
1.500          8 
1.510          9 
1.520          9 
1.530          9 
1.540          10 
1.550          10 
1.560          10 
1.570          11 
1.580          10 
1.590          11 
1.600          12 
1.610          12 
1.620          13 
1.630          12 
1.640          12 
1.650          13 
1.660          13 
1.670          13 
1.680          13 
1.690          12 
1.700          12 
1.710          13 
1.720          13 
1.730          14 
1.740          14 
1.750          14 
1.760          14 
1.770          15 
1.780          16 
1.790          15 
1.800          15 
1.810          16 
1.820          16 
1.830          17 
1.840          19 
1.850          19 
1.860          19 
1.870          18 
1.880          19 
1.890          19 
1.900          19 
1.910          20 
1.920          21 
1.930          21 
1.940          22 
1.950          22 
1.960          22 
1.970          22 
1.980          21 
1.990          21 
2.000          22 
2.010          21 
2.020          22 
2.030          23 
2.040          23 
2.050          24 
2.060          23 
2.070          22 
2.080          22 
2.090          22 
2.100          23 
2.110          22 
2.120          22 
2.130          23 
2.140          23 
2.150          23 
2.160          23 
2.170          23 
2.180          23 
2.190          23 
2.200          23 
2.210          23 
2.220          23 
2.230          24 
2.240          24 
2.250          26 
2.260          27 
2.270          27 
2.280          27 
2.290          27 
2.300          28 
2.310          28 
2.320          29 
2.330          28 
2.340          29 
2.350          29 
2.360          30 
2.370          31 
2.380          32 
2.390          31 
2.400          29 
2.410          29 
2.420          29 
2.430          28 
2.440          29 
2.450          28 
2.460          28 
2.470          27 
2.480          27 
2.490          26 
2.500          27 
2.510          28 
2.520          27 
2.530          27 
2.540          28 
2.550          29 
2.560          29 
2.570          29 
2.580          30 
2.590          30 
2.600          30 
2.610          31 
2.620          31 
2.630          32 
2.640          32 
2.650          32 
2.660          32 
2.670          32 
2.680          32 
2.690          31 
2.700          31 
2.710          32 
2.720          31 
2.730          30 
2.740          29 
2.750          29 
2.760          29 
2.770          29 
2.780          29 
2.790          30 
2.800          30 
2.810          29 
2.820          28 
2.830          28 
2.840          28 
2.850          27 
2.860          27 
2.870          27 
2.880          27 
2.890          27 
2.900          26 
2.910          25 
2.920          24 
2.930          23 
2.940          22 
2.950          21 
2.960          21 
2.970          22 
2.980          21 
2.990          21 
3.000          21 
3.010          20 
3.020          20 
3.030          20 
3.040          20 
3.050          20 
3.060          20 
3.070          19 
3.080          19 
3.090          19 
3.100          20 
3.110          20 
3.120          18 
3.130          18 
3.140          17 
3.150          17 
3.160          16 
3.170          17 
3.180          16 
3.190          15 
3.200          15 
3.210          14 
3.220          15 
3.230          14 
3.240          13 
3.250          12 
3.260          11 
3.270          12 
3.280          10 
3.290          11 
3.300          12 
3.310          11 
3.320          10 
3.330          9 
3.340          8 
3.350          8 
3.360          9 
3.370          8 
3.380          8 
3.390          8 
3.400          8 
3.410          8 
3.420          7 
3.430          7 
3.440          6 
3.450          5 
3.460          4 
3.470          5 
3.480          5 
3.490          5 
3.500          5 
3.510          4 
3.520          5 
3.530          4 
3.540          4 
3.550          3 
3.560          4 
3.570          4 
3.580          3 
3.590          3 
3.600          3 
3.610          3 
3.620          3 
3.630          4 
3.640          4 
3.650          4 
3.660          4 
3.670          4 
3.680          4 
3.690          4 
3.700          5 
3.710          4 
3.720          5 
3.730          5 
3.740          6 
3.750          6 
3.760          7 
3.770          6 
3.780          6 
3.790          6 
3.800          6 
3.810          5 
3.820          6 
3.830          7 
3.840          7 
3.850          6 
3.860          7 
3.870          7 
3.880          8 
3.890          8 
3.900          8 
3.910          8 
3.920          8 
3.930          9 
3.940          9 
3.950          9 
3.960          10 
3.970          10 
3.980          10 
3.990          10 
4.000          10 
4.010          11 
4.020          12 
4.030          11 
4.040          12 
4.050          13 
4.060          13 
4.070          14 
4.080          14 
4.090          14 
4.100          16 
4.110          16 
4.120          17 
4.130          17 
4.140          18 
4.150          19 
4.160          20 
4.170          20 
4.180          21 
4.190          22 
4.200          22 
4.210          23 
4.220          25 
4.230          26 
4.240          27 
4.250          28 
4.260          28 
4.270          30 
4.280          30 
4.290          31 
4.300          31 
4.310          31 
4.320          32 
4.330          33 
4.340          34 
4.350          34 
4.360          35 
4.370          35 
4.380          36 
4.390          36 
4.400          37 
4.410          38 
4.420          38 
4.430          39 
4.440          39 
4.450          40 
4.460          41 
4.470          42 
4.480          44 
4.490          44 
4.500          46 
4.510          46 
4.520          47 
4.530          47 
4.540          47 
4.550          47 
4.560          48 
4.570          48 
4.580          50 
4.590          51 
4.600          52 
4.610          53 
4.620          53 
4.630          54 
4.640          55 
4.650          55 
4.660          56 
4.670          58 
4.680          59 
4.690          60 
4.700          60 
4.710          61 
4.720          62 
4.730          62 
4.740          63 
4.750          63 
4.760          63 
4.770          63 
4.780          63 
4.790          62 
4.800          62 
4.810          62 
4.820          61 
4.830          62 
4.840          62 
4.850          62 
4.860          62 
4.870          61 
4.880          61 
4.890          60 
4.900          60 
4.910          60 
4.920          60 
4.930          60 
4.940          60 
4.950          61 
4.960          61 
4.970          61 
4.980          60 
4.990          60 
5.000          61 
5.010          61 
5.020          61 
5.030          61 
5.040          60 
5.050          60 
5.060          60 
5.070          59 
5.080          58 
5.090          58 
5.100          57 
5.110          57 
5.120          57 
5.130          57 
5.140          57 
5.150          55 
5.160          54 
5.170          53 
5.180          52 
5.190          51 
5.200          50 
5.210          48 
5.220          47 
5.230          47 
5.240          47 
5.250          46 
5.260          46 
5.270          43 
5.280          42 
5.290          40 
5.300          39 
5.310          38 
5.320          39 
5.330          39 
5.340          37 
5.350          36 
5.360          36 
5.370          37 
5.380          36 
5.390          35 
5.400          35 
5.410          33 
5.420          33 
5.430          31 
5.440          32 
5.450          31 
5.460          30 
5.470          29 
5.480          29 
5.490          28 
5.500          28 
5.510          26 
5.520          25 
5.530          23 
5.540          22 
5.550          21 
5.560          20 
5.570          20 
5.580          19 
5.590          18 
5.600          18 
5.610          17 
5.620          16 
5.630          14 
5.640          14 
5.650          15 
5.660          15 
5.670          14 
5.680          13 
5.690          13 
5.700          12 
5.710          12 
5.720          12 
5.730          12 
5.740          11 
5.750          10 
5.760          9 
5.770          9 
5.780          9 
5.790          8 
5.800          8 
5.810          7 
5.820          7 
5.830          7 
5.840          7 
5.850          7 
5.860          7 
5.870          6 
5.880          7 
5.890          7 
5.900          6 
5.910          6 
5.920          6 
5.930          6 
5.940          5 
5.950          4 
5.960          4 
5.970          3 
5.980          3 
5.990          4 
6.000          3 
6.010          3 
6.020          4 
6.030          3 
6.040          4 
6.050          4 
6.060          4 
6.070          3 
6.080          3 
6.090          3 
6.100          4 
6.110          4 
6.120          4 
6.130          5 
6.140          5 
6.150          6 
6.160          6 
6.170          6 
6.180          7 
6.190          6 
6.200          8 
6.210          9 
6.220          8 
6.230          9 
6.240          9 
6.250          8 
6.260          9 
6.270          9 
6.280          10 
6.290          10 
6.300          10 
6.310          10 
6.320          11 
6.330          11 
6.340          12 
6.350          12 
6.360          13 
6.370          14 
6.380          15 
6.390          17 
6.400          18 
6.410          18 
6.420          20 
6.430          20 
6.440          20 
6.450          21 
6.460          23 
6.470          22 
6.480          24 
6.490          25 
6.500          25 
6.510          26 
6.520          26 
6.530          27 
6.540          27 
6.550          28 
6.560          30 
6.570          31 
6.580          32 
6.590          33 
6.600          35 
6.610          36 
6.620          37 
6.630          39 
6.640          41 
6.650          42 
6.660          42 
6.670          44 
6.680          46 
6.690          48 
6.700          50 
6.710          52 
6.720          53 
6.730          55 
6.740          57 
6.750          58 
6.760          61 
6.770          63 
6.780          63 
6.790          65 
6.800          68 
6.810          70 
6.820          72 
6.830          73 
6.840          76 
6.850          76 
6.860          78 
6.870          80 
6.880          81 
6.890          83 
6.900          85 
6.910          87 
6.920          89 
6.930          91 
6.940          92 
6.950          93 
6.960          95 
6.970          98 
6.980          100 
6.990          100 
7.000          102 
7.010          104 
7.020          105 
7.030          107 
7.040          110 
7.050          111 
7.060          112 
7.070          113 
7.080          115 
7.090          117 
7.100          120 
7.110          120 
7.120          122 
7.130          123 
7.140          125 
7.150          127 
7.160          128 
7.170          130 
7.180          131 
7.190          133 
7.200          134 
7.210          136 
7.220          138 
7.230          139 
7.240          140 
7.250          141 
7.260          142 
7.270          145 
7.280          146 
7.290          147 
7.300          148 
7.310          149 
7.320          150 
7.330          153 
7.340          153 
7.350          155 
7.360          156 
7.370          157 
7.380          159 
7.390          160 
7.400          162 
7.410          163 
7.420          164 
7.430          166 
7.440          168 
7.450          169 
7.460          170 
7.470          170 
7.480          169 
7.490          171 
7.500          173 
7.510          173 
7.520          174 
7.530          175 
7.540          176 
7.550          176 
7.560          178 
7.570          178 
7.580          177 
7.590          178 
7.600          180 
7.610          180 
7.620          181 
7.630          181 
7.640          181 
7.650          180 
7.660          181 
7.670          180 
7.680          180 
7.690          180 
7.700          180 
7.710          179 
7.720          179 
7.730          179 
7.740          179 
7.750          178 
7.760          178 
7.770          178 
7.780          180 
7.790          178 
7.800          178 
7.810          176 
7.820          175 
7.830          175 
7.840          175 
7.850          175 
7.860          176 
7.870          175 
7.880          175 
7.890          173 
7.900          172 
7.910          172 
7.920          170 
7.930          168 
7.940          169 
7.950          169 
7.960          169 
7.970          169 
7.980          166 
7.990          166 
8.000          164 
8.010          161 
8.020          159 
8.030          158 
8.040          157 
8.050          156 
8.060          155 
8.070          154 
8.080          152 
8.090          150 
8.100          147 
8.110          145 
8.120          143 
8.130          142 
8.140          139 
8.150          136 
8.160          133 
8.170          131 
8.180          127 
8.190          124 
8.200          121 
8.210          117 
8.220          113 
8.230          110 
8.240          106 
8.250          104 
8.260          100 
8.270          96 
8.280          92 
8.290          88 
8.300          84 
8.310          82 
8.320          77 
8.330          74 
8.340          72 
8.350          68 
8.360          65 
8.370          63 
8.380          61 
8.390          59 
8.400          56 
8.410          53 
8.420          51 
8.430          48 
8.440          46 
8.450          45 
8.460          42 
8.470          41 
8.480          38 
8.490          36 
8.500          34 
8.510          32 
8.520          30 
8.530          27 
8.540          25 
8.550          22 
8.560          22 
8.570          21 
8.580          20 
8.590          19 
8.600          17 
8.610          15 
8.620          13 
8.630          13 
8.640          12 
8.650          10 
8.660          9 
8.670          9 
8.680          8 
8.690          8 
8.700          8 
8.710          8 
8.720          8 
8.730          8 
8.740          7 
8.750          9 
8.760          10 
8.770          12 
8.780          13 
8.790          14 
8.800          16 
8.810          18 
8.820          20 
8.830          23 
8.840          25 
8.850          28 
8.860          30 
8.870          33 
8.880          37 
8.890          41 
8.900          45 
8.910          49 
8.920          53 
8.930          57 
8.940          62 
8.950          66 
8.960          71 
8.970          77 
8.980          82 
8.990          89 
9.000          95 
9.010          103 
9.020          110 
9.030          116 
9.040          123 
9.050          131 
9.060          139 
9.070          147 
9.080          156 
9.090          165 
9.100          174 
9.110          184 
9.120          193 
9.130          201 
9.140          211 
9.150          221 
9.160          231 
9.170          244 
9.180          256 
9.190          269 
9.200          281 
9.210          295 
9.220          310 
9.230          326 
9.240          341 
9.250          357 
9.260          372 
9.270          389 
9.280          404 
9.290          423 
9.300          438 
9.310          457 
9.320          470 
9.330          485 
9.340          498 
9.350          516 
9.360          530 
9.370          545 
9.380          561 
9.390          577 
9.400          592 
9.410          611 
9.420          630 
9.430          650 
9.440          666 
9.450          684 
9.460          698 
9.470          717 
9.480          737 
9.490          765 
9.500          786 
9.510          807 
9.520          832 
9.530          854 
9.540          873 
9.550          896 
9.560          921 
9.570          946 
9.580          973 
9.590          996 
9.600          1021 
9.610          1055 
9.620          1079 
9.630          1109 
9.640          1137 
9.650          1159 
9.660          1186 
9.670          1215 
9.680          1241 
9.690          1273 
9.700          1303 
9.710          1331 
9.720          1362 
9.730          1385 
9.740          1414 
9.750          1453 
9.760          1488 
9.770          1516 
9.780          1540 
9.790          1574 
9.800          1617 
9.810          1658 
9.820          1679 
9.830          1722 
9.840          1747 
9.850          1781 
9.860          1816 
9.870          1850 
9.880          1891 
9.890          1920 
9.900          1946 
9.910          1978 
9.920          2022 
9.930          2070 
9.940          2101 
9.950          2129 
9.960          2159 
9.970          2199 
9.980          2222 
9.990          2268 
10.000         2294 
10.010         2322 
10.020         2352 
10.030         2370 
10.040         2416 
10.050         2453 
10.060         2474 
10.070         2503 
10.080         2529 
10.090         2556 
10.100         2570 
10.110         2598 
10.120         2620 
10.130         2637 
10.140         2657 
10.150         2695 
10.160         2709 
10.170         2724 
10.180         2768 
10.190         2796 
10.200         2804 
10.210         2839 
10.220         2867 
10.230         2897 
10.240         2922 
10.250         2954 
10.260         2976 
10.270         3016 
10.280         3060 
10.290         3075 
10.300         3081 
10.310         3118 
10.320         3162 
10.330         3182 
10.340         3202 
10.350         3236 
10.360         3241 
10.370         3267 
10.380         3290 
10.390         3323 
10.400         3339 
10.410         3376 
10.420         3387 
10.430         3415 
10.440         3434 
10.450         3480 
10.460         3484 
10.470         3493 
10.480         3511 
10.490         3539 
10.500         3546 
10.510         3591 
10.520         3614 
10.530         3622 
10.540         3611 
10.550         3634 
10.560         3623 
10.570         3627 
10.580         3642 
10.590         3668 
10.600         3655 
10.610         3675 
10.620         3695 
10.630         3691 
10.640         3692 
10.650         3732 
10.660         3721 
10.670         3734 
10.680         3730 
10.690         3747 
10.700         3748 
10.710         3757 
10.720         3780 
10.730         3784 
10.740         3802 
10.750         3837 
10.760         3847 
10.770         3858 
10.780         3870 
10.790         3871 
10.800         3867 
10.810         3872 
10.820         3872 
10.830         3880 
10.840         3900 
10.850         3931 
10.860         3959 
10.870         3972 
10.880         3976 
10.890         3982 
10.900         3968 
10.910         3970 
10.920         3950 
10.930         3955 
10.940         3955 
10.950         3960 
10.960         3958 
10.970         3947 
10.980         3969 
10.990         3949 
11.000         3949 
11.010         3949 
11.020         3926 
11.030         3926 
11.040         3926 
11.050         3937 
11.060         3930 
11.070         3933 
11.080         3950 
11.090         3966 
11.100         3966 
11.110         3988 
11.120         3985 
11.130         3985 
11.140         3990 
11.150         3971 
11.160         3946 
11.170         3969 
11.180         3964 
11.190         3939 
11.200         3932 
11.210         3949 
11.220         3969 
11.230         3942 
11.240         3942 
11.250         3927 
11.260         3918 
11.270         3925 
11.280         3912 
11.290         3908 
11.300         3927 
11.310         3952 
11.320         3937 
11.330         3942 
11.340         3939 
11.350         3919 
11.360         3914 
11.370         3887 
11.380         3912 
11.390         3907 
11.400         3916 
11.410         3894 
11.420         3870 
11.430         3868 
11.440         3871 
11.450         3854 
11.460         3823 
11.470         3803 
11.480         3774 
11.490         3793 
11.500         3782 
11.510         3754 
11.520         3738 
11.530         3718 
11.540         3705 
11.550         3700 
11.560         3684 
11.570         3683 
11.580         3651 
11.590         3642 
11.600         3627 
11.610         3632 
11.620         3625 
11.630         3630 
11.640         3596 
11.650         3612 
11.660         3622 
11.670         3637 
11.680         3613 
11.690         3601 
11.700         3560 
11.710         3551 
11.720         3536 
11.730         3549 
11.740         3511 
11.750         3491 
11.760         3460 
11.770         3456 
11.780         3425 
11.790         3414 
11.800         3383 
11.810         3348 
11.820         3314 
11.830         3296 
11.840         3250 
11.850         3249 
11.860         3241 
11.870         3206 
11.880         3159 
11.890         3144 
11.900         3134 
11.910         3108 
11.920         3063 
11.930         3035 
11.940         3020 
11.950         2982 
11.960         2951 
11.970         2930 
11.980         2919 
11.990         2916 
12.000         2869 
12.010         2851 
12.020         2828 
12.030         2824 
12.040         2804 
12.050         2759 
12.060         2753 
12.070         2734 
12.080         2728 
12.090         2710 
12.100         2697 
12.110         2705 
12.120         2697 
12.130         2675 
12.140         2654 
12.150         2644 
12.160         2608 
12.170         2598 
12.180         2569 
12.190         2568 
12.200         2563 
12.210         2546 
12.220         2528 
12.230         2508 
12.240         2478 
12.250         2466 
12.260         2423 
12.270         2392 
12.280         2372 
12.290         2352 
12.300         2331 
12.310         2318 
12.320         2300 
12.330         2292 
12.340         2255 
12.350         2238 
12.360         2205 
12.370         2185 
12.380         2150 
12.390         2127 
12.400         2103 
12.410         2095 
12.420         2065 
12.430         2030 
12.440         2008 
12.450         1994 
12.460         1970 
12.470         1941 
12.480         1899 
12.490         1875 
12.500         1851 
12.510         1834 
12.520         1821 
12.530         1794 
12.540         1772 
12.550         1743 
12.560         1712 
12.570         1691 
12.580         1660 
12.590         1626 
12.600         1600 
12.610         1573 
12.620         1545 
12.630         1533 
12.640         1507 
12.650         1480 
12.660         1458 
12.670         1425 
12.680         1404 
12.690         1369 
12.700         1348 
12.710         1329 
12.720         1302 
12.730         1286 
12.740         1265 
12.750         1232 
12.760         1220 
12.770         1209 
12.780         1187 
12.790         1172 
12.800         1153 
12.810         1128 
12.820         1111 
12.830         1097 
12.840         1083 
12.850         1070 
12.860         1042 
12.870         1026 
12.880         1006 
12.890         988 
12.900         979 
12.910         954 
12.920         928 
12.930         901 
12.940         884 
12.950         863 
12.960         841 
12.970         818 
12.980         796 
12.990         778 
13.000         758 
13.010         739 
13.020         723 
13.030         707 
13.040         688 
13.050         662 
13.060         642 
13.070         628 
13.080         614 
13.090         590 
13.100         572 
13.110         552 
13.120         538 
13.130         521 
13.140         505 
13.150         485 
13.160         471 
13.170         452 
13.180         436 
13.190         420 
13.200         406 
13.210         394 
13.220         377 
13.230         364 
13.240         349 
13.250         332 
13.260         320 
13.270         308 
13.280         293 
13.290         278 
13.300         265 
13.310         252 
13.320         242 
13.330         229 
13.340         217 
13.350         209 
13.360         198 
13.370         185 
13.380         174 
13.390         165 
13.400         157 
13.410         147 
13.420         138 
13.430         130 
13.440         121 
13.450         114 
13.460         106 
13.470         98 
13.480         92 
13.490         84 
13.500         77 
13.510         71 
13.520         66 
13.530         62 
13.540         57 
13.550         52 
13.560         48 
13.570         44 
13.580         41 
13.590         38 
13.600         35 
13.610         33 
13.620         32 
13.630         29 
13.640         27 
13.650         25 
13.660         24 
13.670         23 
13.680         22 
13.690         19 
13.700         18 
13.710         18 
13.720         18 
13.730         17 
13.740         17 
13.750         17 
13.760         15 
13.770         14 
13.780         14 
13.790         15 
13.800         15 
13.810         15 
13.820         15 
13.830         16 
13.840         17 
13.850         17 
13.860         18 
13.870         19 
13.880         19 
13.890         21 
13.900         22 
13.910         24 
13.920         26 
13.930         28 
13.940         29 
13.950         30 
13.960         32 
13.970         34 
13.980         36 
13.990         38 
14.000         41 
14.010         44 
14.020         47 
14.030         49 
14.040         50 
14.050         51 
14.060         54 
14.070         56 
14.080         60 
14.090         62 
14.100         66 
14.110         69 
14.120         72 
14.130         75 
14.140         77 
14.150         80 
14.160         81 
14.170         84 
14.180         87 
14.190         92 
14.200         96 
14.210         98 
14.220         100 
14.230         104 
14.240         108 
14.250         110 
14.260         113 
14.270         116 
14.280         119 
14.290         122 
14.300         124 
14.310         128 
14.320         131 
14.330         133 
14.340         135 
14.350         137 
14.360         139 
14.370         141 
14.380         142 
14.390         143 
14.400         146 
14.410         148 
14.420         148 
14.430         149 
14.440         151 
14.450         154 
14.460         155 
14.470         156 
14.480         158 
14.490         159 
14.500         159 
14.510         160 
14.520         162 
14.530         164 
14.540         165 
14.550         165 
14.560         166 
14.570         168 
14.580         169 
14.590         170 
14.600         171 
14.610         171 
14.620         172 
14.630         172 
14.640         173 
14.650         175 
14.660         175 
14.670         175 
14.680         175 
14.690         174 
14.700         174 
14.710         173 
14.720         172 
14.730         171 
14.740         170 
14.750         169 
14.760         168 
14.770         168 
14.780         167 
14.790         167 
14.800         165 
14.810         164 
14.820         163 
14.830         161 
14.840         161 
14.850         159 
14.860         159 
14.870         158 
14.880         157 
14.890         155 
14.900         155 
14.910         153 
14.920         151 
14.930         149 
14.940         148 
14.950         146 
14.960         144 
14.970         142 
14.980         140 
14.990         138 
15.000         137 
15.010         136 
15.020         135 
15.030         132 
15.040         130 
15.050         127 
15.060         126 
15.070         124 
15.080         122 
15.090         120 
15.100         118 
15.110         115 
15.120         113 
15.130         112 
15.140         110 
15.150         109 
15.160         106 
15.170         103 
15.180         101 
15.190         99 
15.200         97 
15.210         95 
15.220         93 
15.230         92 
15.240         89 
15.250         87 
15.260         86 
15.270         86 
15.280         84 
15.290         82 
15.300         79 
15.310         77 
15.320         76 
15.330         74 
15.340         73 
15.350         71 
15.360         69 
15.370         67 
15.380         64 
15.390         63 
15.400         61 
15.410         59 
15.420         57 
15.430         54 
15.440         51 
15.450         51 
15.460         50 
15.470         48 
15.480         47 
15.490         45 
15.500         44 
15.510         42 
15.520         40 
15.530         38 
15.540         37 
15.550         36 
15.560         34 
15.570         34 
15.580         33 
15.590         32 
15.600         31 
15.610         29 
15.620         28 
15.630         27 
15.640         26 
15.650         25 
15.660         25 
15.670         24 
15.680         23 
15.690         23 
15.700         21 
15.710         21 
15.720         19 
15.730         19 
15.740         18 
15.750         18 
15.760         17 
15.770         16 
15.780         16 
15.790         16 
15.800         16 
15.810         16 
15.820         15 
15.830         15 
15.840         14 
15.850         14 
15.860         13 
15.870         12 
15.880         12 
15.890         11 
15.900         10 
15.910         10 
15.920         9 
15.930         9 
15.940         7 
15.950         6 
15.960         5 
15.970         4 
15.980         4 
15.990         4 
16.000         4 
16.010         3 
16.020         3 
16.030         2 
16.040         2 
16.050         2 
16.060         2 
16.070         2 
16.080         1 
16.090         1 
16.100         1 
16.110         1 
16.120         2 
16.130         2 
16.140         2 
16.150         1 
16.160         1 
16.170         1 
16.180         1 
16.190         2 
16.200         2 
16.210         2 
16.220         3 
16.230         3 
16.240         4 
16.250         4 
16.260         5 
16.270         4 
16.280         4 
16.290         5 
16.300         6 
16.310         6 
16.320         7 
16.330         7 
16.340         7 
16.350         8 
16.360         8 
16.370         8 
16.380         10 
16.390         9 
16.400         9 
16.410         8 
16.420         10 
16.430         10 
16.440         10 
16.450         11 
16.460         13 
16.470         13 
16.480         13 
16.490         14 
16.500         15 
16.510         16 
16.520         17 
16.530         16 
16.540         17 
16.550         19 
16.560         20 
16.570         20 
16.580         21 
16.590         21 
16.600         20 
16.610         20 
16.620         21 
16.630         22 
16.640         23 
16.650         23 
16.660         25 
16.670         25 
16.680         26 
16.690         27 
16.700         27 
16.710         28 
16.720         28 
16.730         29 
16.740         30 
16.750         31 
16.760         33 
16.770         32 
16.780         32 
16.790         33 
16.800         34 
16.810         34 
16.820         34 
16.830         36 
16.840         36 
16.850         37 
16.860         37 
16.870         37 
16.880         38 
16.890         39 
16.900         40 
16.910         41 
16.920         42 
16.930         43 
16.940         43 
16.950         43 
16.960         43 
16.970         43 
16.980         44 
16.990         44 
17.000         45 
17.010         46 
17.020         47 
17.030         46 
17.040         46 
17.050         47 
17.060         47 
17.070         47 
17.080         48 
17.090         50 
17.100         50 
17.110         51 
17.120         51 
17.130         51 
17.140         51 
17.150         51 
17.160         52 
17.170         54 
17.180         55 
17.190         56 
17.200         56 
17.210         56 
17.220         56 
17.230         57 
17.240         56 
17.250         58 
17.260         58 
17.270         59 
17.280         59 
17.290         60 
17.300         60 
17.310         61 
17.320         61 
17.330         60 
17.340         61 
17.350         61 
17.360         61 
17.370         62 
17.380         62 
17.390         64 
17.400         63 
17.410         63 
17.420         62 
17.430         63 
17.440         62 
17.450         63 
17.460         62 
17.470         61 
17.480         62 
17.490         61 
17.500         61 
17.510         62 
17.520         62 
17.530         63 
17.540         62 
17.550         63 
17.560         62 
17.570         62 
17.580         62 
17.590         62 
17.600         62 
17.610         63 
17.620         64 
17.630         63 
17.640         63 
17.650         63 
17.660         61 
17.670         61 
17.680         60 
17.690         61 
17.700         60 
17.710         60 
17.720         61 
17.730         60 
17.740         60 
17.750         60 
17.760         60 
17.770         60 
17.780         60 
17.790         60 
17.800         59 
17.810         59 
17.820         59 
17.830         59 
17.840         57 
17.850         58 
17.860         58 
17.870         57 
17.880         57 
17.890         57 
17.900         56 
17.910         54 
17.920         54 
17.930         53 
17.940         53 
17.950         52 
17.960         51 
17.970         50 
17.980         50 
17.990         49 
18.000         49 
18.010         47 
18.020         46 
18.030         46 
18.040         45 
18.050         45 
18.060         45 
18.070         44 
18.080         43 
18.090         42 
18.100         41 
18.110         41 
18.120         40 
18.130         39 
18.140         38 
18.150         38 
18.160         37 
18.170         37 
18.180         35 
18.190         35 
18.200         34 
18.210         33 
18.220         33 
18.230         32 
18.240         31 
18.250         30 
18.260         29 
18.270         29 
18.280         28 
18.290         27 
18.300         26 
18.310         27 
18.320         26 
18.330         26 
18.340         24 
18.350         23 
18.360         21 
18.370         20 
18.380         21 
18.390         20 
18.400         20 
18.410         19 
18.420         18 
18.430         18 
18.440         18 
18.450         17 
18.460         16 
18.470         15 
18.480         13 
18.490         13 
18.500         12 
18.510         12 
18.520         12 
18.530         11 
18.540         9 
18.550         9 
18.560         9 
18.570         9 
18.580         8 
18.590         6 
18.600         6 
18.610         6 
18.620         5 
18.630         5 
18.640         5 
18.650         5 
18.660         4 
18.670         4 
18.680         5 
18.690         5 
18.700         4 
18.710         6 
18.720         4 
18.730         4 
18.740         4 
18.750         4 
18.760         4 
18.770         4 
18.780         4 
18.790         4 
18.800         3 
18.810         4 
18.820         5 
18.830         4 
18.840         4 
18.850         4 
18.860         4 
18.870         5 
18.880         5 
18.890         5 
18.900         4 
18.910         4 
18.920         5 
18.930         6 
18.940         6 
18.950         7 
18.960         6 
18.970         5 
18.980         6 
18.990         6 
19.000         6 
19.010         6 
19.020         6 
19.030         6 
19.040         7 
19.050         7 
19.060         8 
19.070         7 
19.080         7 
19.090         7 
19.100         8 
19.110         9 
19.120         10 
19.130         11 
19.140         11 
19.150         11 
19.160         12 
19.170         13 
19.180         14 
19.190         14 
19.200         15 
19.210         16 
19.220         15 
19.230         17 
19.240         18 
19.250         18 
19.260         17 
19.270         18 
19.280         18 
19.290         18 
19.300         19 
19.310         19 
19.320         19 
19.330         19 
19.340         20 
19.350         21 
19.360         22 
19.370         23 
19.380         23 
19.390         23 
19.400         23 
19.410         23 
19.420         24 
19.430         24 
19.440         25 
19.450         25 
19.460         26 
19.470         27 
19.480         27 
19.490         27 
19.500         27 
19.510         26 
19.520         27 
19.530         28 
19.540         27 
19.550         28 
19.560         29 
19.570         29 
19.580         30 
19.590         30 
19.600         32 
19.610         32 
19.620         32 
19.630         33 
19.640         32 
19.650         32 
19.660         33 
19.670         33 
19.680         33 
19.690         34 
19.700         33 
19.710         33 
19.720         33 
19.730         33 
19.740         34 
19.750         33 
19.760         33 
19.770         33 
19.780         33 
19.790         33 
19.800         34 
19.810         33 
19.820         33 
19.830         34 
19.840         34 
19.850         33 
19.860         34 
19.870         34 
19.880         33 
19.890         33 
19.900         32 
19.910         31 
19.920         31 
19.930         37 
19.940         29 
19.950         29 
19.960         25 
19.970         23 
19.980         27 
19.990         24 
