0.000          43 
0.010          47 
0.020          43 
0.030          25 
0.040          36 
0.050          38 
0.060          37 
0.070          34 
0.080          34 
0.090          32 
0.100          31 
0.110          29 
0.120          29 
0.130          29 
0.140          28 
0.150          27 
0.160          27 
0.170          25 
0.180          24 
0.190          24 
0.200          22 
0.210          22 
0.220          21 
0.230          21 
0.240          21 
0.250          21 
0.260          21 
0.270          20 
0.280          19 
0.290          19 
0.300          18 
0.310          17 
0.320          17 
0.330          17 
0.340          16 
0.350          17 
0.360          16 
0.370          15 
0.380          14 
0.390          13 
0.400          13 
0.410          13 
0.420          12 
0.430          12 
0.440          11 
0.450          10 
0.460          10 
0.470          10 
0.480          9 
0.490          9 
0.500          8 
0.510          8 
0.520          9 
0.530          8 
0.540          9 
0.550          9 
0.560          9 
0.570          9 
0.580          9 
0.590          9 
0.600          9 
0.610          9 
0.620          9 
0.630          9 
0.640          9 
0.650          9 
0.660          10 
0.670          9 
0.680          10 
0.690          10 
0.700          9 
0.710          9 
0.720          8 
0.730          8 
0.740          8 
0.750          9 
0.760          9 
0.770          8 
0.780          9 
0.790          8 
0.800          8 
0.810          7 
0.820          7 
0.830          7 
0.840          6 
0.850          6 
0.860          6 
0.870          7 
0.880          7 
0.890          6 
0.900          6 
0.910          7 
0.920          7 
0.930          7 
0.940          7 
0.950          7 
0.960          7 
0.970          7 
0.980          6 
0.990          6 
1.000          7 
1.010          7 
1.020          7 
1.030          6 
1.040          7 
1.050          6 
1.060          6 
1.070          6 
1.080          6 
1.090          6 
1.100          6 
1.110          5 
1.120          6 
1.130          6 
1.140          6 
1.150          5 
1.160          4 
1.170          4 
1.180          4 
1.190          3 
1.200          2 
1.210          2 
1.220          2 
1.230          2 
1.240          2 
1.250          3 
1.260          3 
1.270          3 
1.280          3 
1.290          4 
1.300          5 
1.310          6 
1.320          5 
1.330          5 
1.340          6 
1.350          6 
1.360          6 
1.370          7 
1.380          7 
1.390          8 
1.400          7 
1.410          7 
1.420          7 
1.430          6 
1.440          7 
1.450          6 
1.460          5 
1.470          5 
1.480          5 
1.490          5 
1.500          6 
1.510          6 
1.520          5 
1.530          5 
1.540          5 
1.550          5 
1.560          5 
1.570          6 
1.580          6 
1.590          6 
1.600          6 
1.610          6 
1.620          7 
1.630          7 
1.640          9 
1.650          7 
1.660          7 
1.670          8 
1.680          7 
1.690          7 
1.700          7 
1.710          7 
1.720          8 
1.730          8 
1.740          8 
1.750          7 
1.760          6 
1.770          7 
1.780          6 
1.790          6 
1.800          7 
1.810          8 
1.820          8 
1.830          8 
1.840          8 
1.850          8 
1.860          8 
1.870          8 
1.880          7 
1.890          6 
1.900          6 
1.910          7 
1.920          6 
1.930          6 
1.940          6 
1.950          5 
1.960          4 
1.970          5 
1.980          4 
1.990          5 
2.000          5 
2.010          4 
2.020          4 
2.030          5 
2.040          6 
2.050          5 
2.060          5 
2.070          5 
2.080          5 
2.090          5 
2.100          5 
2.110          5 
2.120          5 
2.130          6 
2.140          6 
2.150          6 
2.160          6 
2.170          6 
2.180          5 
2.190          5 
2.200          6 
2.210          6 
2.220          7 
2.230          7 
2.240          7 
2.250          6 
2.260          7 
2.270          6 
2.280          5 
2.290          5 
2.300          4 
2.310          3 
2.320          4 
2.330          3 
2.340          3 
2.350          3 
2.360          3 
2.370          2 
2.380          2 
2.390          2 
2.400          3 
2.410          2 
2.420          2 
2.430          3 
2.440          3 
2.450          4 
2.460          5 
2.470          5 
2.480          7 
2.490          7 
2.500          6 
2.510          7 
2.520          7 
2.530          7 
2.540          7 
2.550          7 
2.560          7 
2.570          7 
2.580          7 
2.590          7 
2.600          6 
2.610          5 
2.620          5 
2.630          5 
2.640          4 
2.650          5 
2.660          6 
2.670          5 
2.680          6 
2.690          6 
2.700          7 
2.710          7 
2.720          7 
2.730          8 
2.740          7 
2.750          8 
2.760          8 
2.770          8 
2.780          8 
2.790          9 
2.800          8 
2.810          8 
2.820          9 
2.830          8 
2.840          8 
2.850          8 
2.860          9 
2.870          9 
2.880          8 
2.890          9 
2.900          8 
2.910          8 
2.920          9 
2.930          7 
2.940          7 
2.950          6 
2.960          5 
2.970          5 
2.980          6 
2.990          5 
3.000          5 
3.010          4 
3.020          5 
3.030          5 
3.040          5 
3.050          5 
3.060          5 
3.070          4 
3.080          5 
3.090          5 
3.100          6 
3.110          6 
3.120          6 
3.130          6 
3.140          6 
3.150          6 
3.160          7 
3.170          6 
3.180          6 
3.190          6 
3.200          6 
3.210          7 
3.220          7 
3.230          8 
3.240          7 
3.250          7 
3.260          7 
3.270          7 
3.280          7 
3.290          7 
3.300          7 
3.310          6 
3.320          6 
3.330          7 
3.340          7 
3.350          7 
3.360          7 
3.370          7 
3.380          7 
3.390          7 
3.400          8 
3.410          8 
3.420          8 
3.430          9 
3.440          9 
3.450          9 
3.460          8 
3.470          9 
3.480          8 
3.490          8 
3.500          8 
3.510          8 
3.520          8 
3.530          9 
3.540          8 
3.550          8 
3.560          7 
3.570          8 
3.580          8 
3.590          8 
3.600          8 
3.610          8 
3.620          8 
3.630          8 
3.640          7 
3.650          8 
3.660          8 
3.670          7 
3.680          7 
3.690          7 
3.700          7 
3.710          7 
3.720          7 
3.730          6 
3.740          6 
3.750          6 
3.760          6 
3.770          6 
3.780          6 
3.790          7 
3.800          7 
3.810          6 
3.820          7 
3.830          6 
3.840          7 
3.850          8 
3.860          8 
3.870          9 
3.880          9 
3.890          10 
3.900          10 
3.910          11 
3.920          11 
3.930          11 
3.940          10 
3.950          10 
3.960          11 
3.970          11 
3.980          12 
3.990          12 
4.000          11 
4.010          11 
4.020          11 
4.030          11 
4.040          11 
4.050          11 
4.060          11 
4.070          12 
4.080          13 
4.090          13 
4.100          13 
4.110          13 
4.120          14 
4.130          14 
4.140          14 
4.150          14 
4.160          15 
4.170          16 
4.180          16 
4.190          16 
4.200          16 
4.210          15 
4.220          15 
4.230          15 
4.240          15 
4.250          16 
4.260          16 
4.270          16 
4.280          16 
4.290          16 
4.300          16 
4.310          16 
4.320          16 
4.330          15 
4.340          15 
4.350          15 
4.360          16 
4.370          16 
4.380          16 
4.390          16 
4.400          16 
4.410          17 
4.420          16 
4.430          17 
4.440          18 
4.450          18 
4.460          19 
4.470          19 
4.480          20 
4.490          22 
4.500          22 
4.510          23 
4.520          24 
4.530          25 
4.540          25 
4.550          26 
4.560          25 
4.570          25 
4.580          26 
4.590          25 
4.600          26 
4.610          25 
4.620          25 
4.630          25 
4.640          25 
4.650          25 
4.660          26 
4.670          26 
4.680          26 
4.690          27 
4.700          27 
4.710          29 
4.720          29 
4.730          29 
4.740          30 
4.750          31 
4.760          32 
4.770          33 
4.780          34 
4.790          34 
4.800          34 
4.810          33 
4.820          34 
4.830          34 
4.840          35 
4.850          36 
4.860          36 
4.870          37 
4.880          37 
4.890          37 
4.900          37 
4.910          37 
4.920          37 
4.930          37 
4.940          38 
4.950          38 
4.960          39 
4.970          39 
4.980          39 
4.990          39 
5.000          39 
5.010          39 
5.020          39 
5.030          40 
5.040          40 
5.050          41 
5.060          41 
5.070          41 
5.080          41 
5.090          41 
5.100          41 
5.110          41 
5.120          40 
5.130          40 
5.140          40 
5.150          41 
5.160          42 
5.170          42 
5.180          43 
5.190          43 
5.200          44 
5.210          44 
5.220          45 
5.230          45 
5.240          46 
5.250          47 
5.260          48 
5.270          48 
5.280          48 
5.290          48 
5.300          47 
5.310          47 
5.320          47 
5.330          46 
5.340          46 
5.350          46 
5.360          46 
5.370          46 
5.380          46 
5.390          45 
5.400          45 
5.410          45 
5.420          45 
5.430          44 
5.440          45 
5.450          45 
5.460          45 
5.470          46 
5.480          46 
5.490          46 
5.500          46 
5.510          46 
5.520          45 
5.530          46 
5.540          46 
5.550          46 
5.560          46 
5.570          46 
5.580          47 
5.590          46 
5.600          47 
5.610          47 
5.620          46 
5.630          45 
5.640          45 
5.650          44 
5.660          44 
5.670          44 
5.680          44 
5.690          43 
5.700          44 
5.710          44 
5.720          44 
5.730          44 
5.740          44 
5.750          42 
5.760          41 
5.770          41 
5.780          41 
5.790          40 
5.800          40 
5.810          40 
5.820          40 
5.830          40 
5.840          39 
5.850          38 
5.860          38 
5.870          38 
5.880          37 
5.890          37 
5.900          37 
5.910          38 
5.920          38 
5.930          37 
5.940          36 
5.950          37 
5.960          36 
5.970          35 
5.980          34 
5.990          34 
6.000          34 
6.010          33 
6.020          33 
6.030          32 
6.040          31 
6.050          31 
6.060          30 
6.070          29 
6.080          28 
6.090          28 
6.100          28 
6.110          28 
6.120          27 
6.130          27 
6.140          26 
6.150          25 
6.160          25 
6.170          26 
6.180          25 
6.190          25 
6.200          25 
6.210          25 
6.220          24 
6.230          24 
6.240          23 
6.250          23 
6.260          22 
6.270          22 
6.280          21 
6.290          21 
6.300          21 
6.310          21 
6.320          20 
6.330          20 
6.340          19 
6.350          18 
6.360          17 
6.370          18 
6.380          17 
6.390          17 
6.400          17 
6.410          17 
6.420          16 
6.430          16 
6.440          15 
6.450          14 
6.460          14 
6.470          13 
6.480          12 
6.490          12 
6.500          12 
6.510          11 
6.520          11 
6.530          11 
6.540          11 
6.550          10 
6.560          10 
6.570          9 
6.580          10 
6.590          10 
6.600          10 
6.610          8 
6.620          9 
6.630          10 
6.640          9 
6.650          9 
6.660          9 
6.670          9 
6.680          10 
6.690          9 
6.700          9 
6.710          9 
6.720          10 
6.730          9 
6.740          8 
6.750          8 
6.760          8 
6.770          8 
6.780          8 
6.790          8 
6.800          8 
6.810          9 
6.820          9 
6.830          8 
6.840          8 
6.850          7 
6.860          7 
6.870          6 
6.880          7 
6.890          8 
6.900          9 
6.910          9 
6.920          7 
6.930          7 
6.940          6 
6.950          6 
6.960          6 
6.970          6 
6.980          6 
6.990          7 
7.000          7 
7.010          7 
7.020          6 
7.030          7 
7.040          7 
7.050          6 
7.060          7 
7.070          8 
7.080          8 
7.090          9 
7.100          9 
7.110          10 
7.120          10 
7.130          10 
7.140          10 
7.150          9 
7.160          11 
7.170          12 
7.180          11 
7.190          10 
7.200          10 
7.210          11 
7.220          11 
7.230          11 
7.240          12 
7.250          12 
7.260          12 
7.270          11 
7.280          12 
7.290          12 
7.300          14 
7.310          14 
7.320          14 
7.330          16 
7.340          18 
7.350          19 
7.360          19 
7.370          21 
7.380          22 
7.390          22 
7.400          23 
7.410          23 
7.420          24 
7.430          24 
7.440          25 
7.450          25 
7.460          26 
7.470          27 
7.480          26 
7.490          27 
7.500          28 
7.510          30 
7.520          30 
7.530          31 
7.540          32 
7.550          33 
7.560          35 
7.570          34 
7.580          35 
7.590          36 
7.600          37 
7.610          37 
7.620          37 
7.630          39 
7.640          39 
7.650          41 
7.660          40 
7.670          41 
7.680          41 
7.690          42 
7.700          43 
7.710          44 
7.720          45 
7.730          47 
7.740          47 
7.750          48 
7.760          49 
7.770          49 
7.780          50 
7.790          50 
7.800          49 
7.810          50 
7.820          50 
7.830          51 
7.840          51 
7.850          51 
7.860          51 
7.870          52 
7.880          51 
7.890          51 
7.900          52 
7.910          51 
7.920          51 
7.930          51 
7.940          52 
7.950          52 
7.960          53 
7.970          52 
7.980          51 
7.990          51 
8.000          50 
8.010          50 
8.020          50 
8.030          50 
8.040          50 
8.050          50 
8.060          51 
8.070          51 
8.080          50 
8.090          50 
8.100          50 
8.110          48 
8.120          48 
8.130          49 
8.140          48 
8.150          49 
8.160          48 
8.170          48 
8.180          48 
8.190          47 
8.200          46 
8.210          46 
8.220          46 
8.230          45 
8.240          46 
8.250          45 
8.260          44 
8.270          44 
8.280          42 
8.290          41 
8.300          39 
8.310          39 
8.320          39 
8.330          37 
8.340          37 
8.350          36 
8.360          33 
8.370          33 
8.380          32 
8.390          31 
8.400          30 
8.410          30 
8.420          29 
8.430          28 
8.440          27 
8.450          27 
8.460          26 
8.470          25 
8.480          25 
8.490          24 
8.500          23 
8.510          23 
8.520          22 
8.530          21 
8.540          21 
8.550          20 
8.560          21 
8.570          20 
8.580          20 
8.590          19 
8.600          19 
8.610          19 
8.620          17 
8.630          16 
8.640          17 
8.650          17 
8.660          16 
8.670          17 
8.680          16 
8.690          15 
8.700          15 
8.710          15 
8.720          15 
8.730          15 
8.740          15 
8.750          15 
8.760          16 
8.770          17 
8.780          17 
8.790          17 
8.800          18 
8.810          18 
8.820          18 
8.830          20 
8.840          20 
8.850          21 
8.860          22 
8.870          23 
8.880          25 
8.890          26 
8.900          28 
8.910          30 
8.920          31 
8.930          33 
8.940          34 
8.950          37 
8.960          39 
8.970          41 
8.980          44 
8.990          47 
9.000          50 
9.010          52 
9.020          55 
9.030          59 
9.040          61 
9.050          63 
9.060          66 
9.070          69 
9.080          74 
9.090          77 
9.100          80 
9.110          85 
9.120          88 
9.130          93 
9.140          98 
9.150          102 
9.160          107 
9.170          112 
9.180          117 
9.190          123 
9.200          129 
9.210          134 
9.220          141 
9.230          147 
9.240          154 
9.250          162 
9.260          168 
9.270          175 
9.280          182 
9.290          189 
9.300          196 
9.310          204 
9.320          211 
9.330          219 
9.340          227 
9.350          236 
9.360          245 
9.370          251 
9.380          259 
9.390          267 
9.400          275 
9.410          286 
9.420          295 
9.430          304 
9.440          313 
9.450          323 
9.460          333 
9.470          343 
9.480          352 
9.490          361 
9.500          371 
9.510          383 
9.520          396 
9.530          407 
9.540          417 
9.550          427 
9.560          435 
9.570          446 
9.580          456 
9.590          468 
9.600          477 
9.610          488 
9.620          501 
9.630          514 
9.640          526 
9.650          537 
9.660          547 
9.670          558 
9.680          571 
9.690          584 
9.700          599 
9.710          615 
9.720          628 
9.730          641 
9.740          654 
9.750          672 
9.760          683 
9.770          694 
9.780          706 
9.790          724 
9.800          739 
9.810          755 
9.820          772 
9.830          784 
9.840          798 
9.850          812 
9.860          824 
9.870          840 
9.880          857 
9.890          870 
9.900          880 
9.910          898 
9.920          912 
9.930          928 
9.940          938 
9.950          949 
9.960          961 
9.970          974 
9.980          985 
9.990          995 
10.000         1003 
10.010         1017 
10.020         1026 
10.030         1030 
10.040         1036 
10.050         1044 
10.060         1047 
10.070         1055 
10.080         1058 
10.090         1068 
10.100         1078 
10.110         1086 
10.120         1089 
10.130         1097 
10.140         1108 
10.150         1117 
10.160         1122 
10.170         1132 
10.180         1143 
10.190         1158 
10.200         1167 
10.210         1180 
10.220         1191 
10.230         1204 
10.240         1214 
10.250         1224 
10.260         1232 
10.270         1241 
10.280         1248 
10.290         1254 
10.300         1266 
10.310         1275 
10.320         1280 
10.330         1287 
10.340         1297 
10.350         1307 
10.360         1313 
10.370         1322 
10.380         1328 
10.390         1337 
10.400         1340 
10.410         1350 
10.420         1361 
10.430         1374 
10.440         1383 
10.450         1390 
10.460         1397 
10.470         1403 
10.480         1413 
10.490         1418 
10.500         1423 
10.510         1433 
10.520         1434 
10.530         1439 
10.540         1445 
10.550         1455 
10.560         1457 
10.570         1460 
10.580         1464 
10.590         1468 
10.600         1468 
10.610         1475 
10.620         1481 
10.630         1484 
10.640         1485 
10.650         1491 
10.660         1490 
10.670         1498 
10.680         1502 
10.690         1504 
10.700         1502 
10.710         1505 
10.720         1505 
10.730         1504 
10.740         1507 
10.750         1508 
10.760         1510 
10.770         1511 
10.780         1516 
10.790         1521 
10.800         1522 
10.810         1523 
10.820         1522 
10.830         1522 
10.840         1522 
10.850         1524 
10.860         1525 
10.870         1527 
10.880         1530 
10.890         1530 
10.900         1533 
10.910         1532 
10.920         1530 
10.930         1529 
10.940         1526 
10.950         1524 
10.960         1525 
10.970         1522 
10.980         1521 
10.990         1517 
11.000         1516 
11.010         1515 
11.020         1515 
11.030         1513 
11.040         1513 
11.050         1512 
11.060         1509 
11.070         1508 
11.080         1501 
11.090         1496 
11.100         1492 
11.110         1486 
11.120         1486 
11.130         1481 
11.140         1479 
11.150         1477 
11.160         1473 
11.170         1468 
11.180         1462 
11.190         1455 
11.200         1448 
11.210         1440 
11.220         1436 
11.230         1431 
11.240         1426 
11.250         1422 
11.260         1417 
11.270         1407 
11.280         1400 
11.290         1391 
11.300         1381 
11.310         1371 
11.320         1363 
11.330         1355 
11.340         1346 
11.350         1337 
11.360         1329 
11.370         1318 
11.380         1308 
11.390         1302 
11.400         1296 
11.410         1290 
11.420         1283 
11.430         1279 
11.440         1275 
11.450         1267 
11.460         1262 
11.470         1256 
11.480         1250 
11.490         1242 
11.500         1235 
11.510         1229 
11.520         1223 
11.530         1219 
11.540         1209 
11.550         1196 
11.560         1184 
11.570         1175 
11.580         1165 
11.590         1155 
11.600         1147 
11.610         1137 
11.620         1125 
11.630         1112 
11.640         1103 
11.650         1094 
11.660         1085 
11.670         1071 
11.680         1058 
11.690         1049 
11.700         1039 
11.710         1030 
11.720         1020 
11.730         1011 
11.740         999 
11.750         984 
11.760         973 
11.770         961 
11.780         952 
11.790         940 
11.800         928 
11.810         917 
11.820         908 
11.830         896 
11.840         885 
11.850         873 
11.860         863 
11.870         852 
11.880         838 
11.890         825 
11.900         816 
11.910         805 
11.920         795 
11.930         782 
11.940         772 
11.950         760 
11.960         745 
11.970         733 
11.980         722 
11.990         710 
12.000         700 
12.010         687 
12.020         676 
12.030         663 
12.040         653 
12.050         642 
12.060         630 
12.070         619 
12.080         609 
12.090         599 
12.100         589 
12.110         580 
12.120         572 
12.130         563 
12.140         555 
12.150         546 
12.160         538 
12.170         529 
12.180         522 
12.190         514 
12.200         505 
12.210         496 
12.220         486 
12.230         479 
12.240         469 
12.250         460 
12.260         450 
12.270         439 
12.280         429 
12.290         417 
12.300         407 
12.310         396 
12.320         385 
12.330         376 
12.340         365 
12.350         353 
12.360         344 
12.370         332 
12.380         322 
12.390         312 
12.400         302 
12.410         293 
12.420         283 
12.430         272 
12.440         263 
12.450         253 
12.460         244 
12.470         236 
12.480         225 
12.490         218 
12.500         209 
12.510         201 
12.520         195 
12.530         186 
12.540         178 
12.550         172 
12.560         165 
12.570         158 
12.580         152 
12.590         146 
12.600         140 
12.610         133 
12.620         127 
12.630         122 
12.640         117 
12.650         113 
12.660         107 
12.670         102 
12.680         99 
12.690         95 
12.700         91 
12.710         88 
12.720         86 
12.730         82 
12.740         78 
12.750         75 
12.760         74 
12.770         72 
12.780         71 
12.790         69 
12.800         68 
12.810         67 
12.820         66 
12.830         65 
12.840         64 
12.850         64 
12.860         63 
12.870         62 
12.880         63 
12.890         63 
12.900         64 
12.910         64 
12.920         63 
12.930         65 
12.940         67 
12.950         68 
12.960         69 
12.970         71 
12.980         73 
12.990         75 
13.000         78 
13.010         81 
13.020         82 
13.030         85 
13.040         89 
13.050         91 
13.060         94 
13.070         97 
13.080         101 
13.090         104 
13.100         108 
13.110         111 
13.120         116 
13.130         119 
13.140         122 
13.150         125 
13.160         129 
13.170         134 
13.180         138 
13.190         142 
13.200         146 
13.210         152 
13.220         156 
13.230         160 
13.240         165 
13.250         169 
13.260         174 
13.270         177 
13.280         182 
13.290         188 
13.300         193 
13.310         197 
13.320         203 
13.330         207 
13.340         211 
13.350         215 
13.360         219 
13.370         225 
13.380         228 
13.390         232 
13.400         236 
13.410         240 
13.420         245 
13.430         249 
13.440         252 
13.450         255 
13.460         259 
13.470         262 
13.480         265 
13.490         268 
13.500         271 
13.510         273 
13.520         276 
13.530         280 
13.540         282 
13.550         284 
13.560         287 
13.570         287 
13.580         289 
13.590         291 
13.600         293 
13.610         296 
13.620         296 
13.630         298 
13.640         300 
13.650         302 
13.660         303 
13.670         304 
13.680         304 
13.690         304 
13.700         306 
13.710         306 
13.720         307 
13.730         307 
13.740         306 
13.750         306 
13.760         305 
13.770         304 
13.780         304 
13.790         303 
13.800         302 
13.810         301 
13.820         300 
13.830         299 
13.840         299 
13.850         297 
13.860         295 
13.870         293 
13.880         291 
13.890         289 
13.900         287 
13.910         285 
13.920         284 
13.930         281 
13.940         278 
13.950         273 
13.960         271 
13.970         267 
13.980         263 
13.990         260 
14.000         256 
14.010         253 
14.020         250 
14.030         246 
14.040         241 
14.050         236 
14.060         231 
14.070         227 
14.080         222 
14.090         218 
14.100         214 
14.110         210 
14.120         206 
14.130         200 
14.140         196 
14.150         190 
14.160         186 
14.170         181 
14.180         176 
14.190         172 
14.200         167 
14.210         164 
14.220         159 
14.230         155 
14.240         151 
14.250         146 
14.260         141 
14.270         136 
14.280         133 
14.290         130 
14.300         126 
14.310         123 
14.320         120 
14.330         117 
14.340         114 
14.350         111 
14.360         107 
14.370         104 
14.380         101 
14.390         98 
14.400         98 
14.410         95 
14.420         94 
14.430         93 
14.440         90 
14.450         89 
14.460         87 
14.470         86 
14.480         86 
14.490         86 
14.500         86 
14.510         86 
14.520         86 
14.530         88 
14.540         89 
14.550         90 
14.560         91 
14.570         94 
14.580         96 
14.590         99 
14.600         103 
14.610         106 
14.620         110 
14.630         114 
14.640         120 
14.650         126 
14.660         132 
14.670         138 
14.680         144 
14.690         150 
14.700         157 
14.710         165 
14.720         173 
14.730         180 
14.740         187 
14.750         196 
14.760         205 
14.770         215 
14.780         224 
14.790         234 
14.800         243 
14.810         255 
14.820         265 
14.830         276 
14.840         288 
14.850         300 
14.860         311 
14.870         323 
14.880         337 
14.890         350 
14.900         365 
14.910         381 
14.920         396 
14.930         412 
14.940         424 
14.950         438 
14.960         451 
14.970         466 
14.980         479 
14.990         490 
15.000         501 
15.010         515 
15.020         526 
15.030         535 
15.040         549 
15.050         557 
15.060         566 
15.070         574 
15.080         584 
15.090         600 
15.100         615 
15.110         627 
15.120         643 
15.130         657 
15.140         675 
15.150         694 
15.160         714 
15.170         730 
15.180         749 
15.190         764 
15.200         786 
15.210         805 
15.220         829 
15.230         852 
15.240         869 
15.250         886 
15.260         907 
15.270         926 
15.280         950 
15.290         971 
15.300         991 
15.310         1010 
15.320         1036 
15.330         1056 
15.340         1079 
15.350         1097 
15.360         1121 
15.370         1144 
15.380         1160 
15.390         1185 
15.400         1208 
15.410         1235 
15.420         1258 
15.430         1275 
15.440         1294 
15.450         1315 
15.460         1338 
15.470         1359 
15.480         1385 
15.490         1409 
15.500         1431 
15.510         1452 
15.520         1467 
15.530         1491 
15.540         1509 
15.550         1529 
15.560         1543 
15.570         1560 
15.580         1580 
15.590         1602 
15.600         1618 
15.610         1634 
15.620         1647 
15.630         1662 
15.640         1678 
15.650         1692 
15.660         1708 
15.670         1725 
15.680         1735 
15.690         1746 
15.700         1761 
15.710         1775 
15.720         1793 
15.730         1812 
15.740         1823 
15.750         1847 
15.760         1862 
15.770         1885 
15.780         1899 
15.790         1922 
15.800         1948 
15.810         1966 
15.820         1986 
15.830         2009 
15.840         2038 
15.850         2066 
15.860         2092 
15.870         2109 
15.880         2123 
15.890         2146 
15.900         2161 
15.910         2183 
15.920         2197 
15.930         2221 
15.940         2236 
15.950         2252 
15.960         2273 
15.970         2294 
15.980         2313 
15.990         2335 
16.000         2349 
16.010         2364 
16.020         2393 
16.030         2417 
16.040         2438 
16.050         2458 
16.060         2477 
16.070         2501 
16.080         2520 
16.090         2540 
16.100         2562 
16.110         2580 
16.120         2602 
16.130         2630 
16.140         2639 
16.150         2655 
16.160         2679 
16.170         2690 
16.180         2711 
16.190         2724 
16.200         2748 
16.210         2768 
16.220         2787 
16.230         2805 
16.240         2825 
16.250         2846 
16.260         2861 
16.270         2869 
16.280         2882 
16.290         2895 
16.300         2907 
16.310         2910 
16.320         2917 
16.330         2919 
16.340         2931 
16.350         2942 
16.360         2953 
16.370         2958 
16.380         2963 
16.390         2970 
16.400         2974 
16.410         2989 
16.420         2998 
16.430         3000 
16.440         3018 
16.450         3027 
16.460         3048 
16.470         3070 
16.480         3082 
16.490         3094 
16.500         3095 
16.510         3105 
16.520         3118 
16.530         3128 
16.540         3131 
16.550         3133 
16.560         3140 
16.570         3153 
16.580         3168 
16.590         3165 
16.600         3175 
16.610         3182 
16.620         3180 
16.630         3191 
16.640         3200 
16.650         3205 
16.660         3202 
16.670         3202 
16.680         3214 
16.690         3218 
16.700         3232 
16.710         3235 
16.720         3233 
16.730         3226 
16.740         3229 
16.750         3229 
16.760         3217 
16.770         3217 
16.780         3213 
16.790         3214 
16.800         3215 
16.810         3216 
16.820         3218 
16.830         3209 
16.840         3205 
16.850         3194 
16.860         3192 
16.870         3196 
16.880         3191 
16.890         3189 
16.900         3192 
16.910         3197 
16.920         3193 
16.930         3185 
16.940         3173 
16.950         3173 
16.960         3171 
16.970         3164 
16.980         3158 
16.990         3150 
17.000         3151 
17.010         3136 
17.020         3124 
17.030         3119 
17.040         3117 
17.050         3104 
17.060         3090 
17.070         3081 
17.080         3077 
17.090         3068 
17.100         3052 
17.110         3043 
17.120         3026 
17.130         3024 
17.140         3015 
17.150         2998 
17.160         2990 
17.170         2985 
17.180         2974 
17.190         2954 
17.200         2939 
17.210         2931 
17.220         2924 
17.230         2905 
17.240         2893 
17.250         2878 
17.260         2865 
17.270         2852 
17.280         2828 
17.290         2815 
17.300         2795 
17.310         2769 
17.320         2737 
17.330         2721 
17.340         2706 
17.350         2681 
17.360         2652 
17.370         2625 
17.380         2610 
17.390         2584 
17.400         2558 
17.410         2528 
17.420         2505 
17.430         2483 
17.440         2456 
17.450         2431 
17.460         2410 
17.470         2390 
17.480         2353 
17.490         2321 
17.500         2301 
17.510         2277 
17.520         2251 
17.530         2218 
17.540         2189 
17.550         2170 
17.560         2145 
17.570         2112 
17.580         2083 
17.590         2053 
17.600         2028 
17.610         1996 
17.620         1967 
17.630         1943 
17.640         1911 
17.650         1883 
17.660         1850 
17.670         1819 
17.680         1791 
17.690         1757 
17.700         1725 
17.710         1693 
17.720         1662 
17.730         1629 
17.740         1600 
17.750         1567 
17.760         1542 
17.770         1512 
17.780         1486 
17.790         1464 
17.800         1437 
17.810         1413 
17.820         1385 
17.830         1354 
17.840         1331 
17.850         1306 
17.860         1282 
17.870         1256 
17.880         1233 
17.890         1205 
17.900         1181 
17.910         1156 
17.920         1130 
17.930         1103 
17.940         1077 
17.950         1048 
17.960         1021 
17.970         997 
17.980         975 
17.990         950 
18.000         922 
18.010         895 
18.020         873 
18.030         847 
18.040         825 
18.050         799 
18.060         774 
18.070         752 
18.080         729 
18.090         706 
18.100         684 
18.110         660 
18.120         640 
18.130         618 
18.140         596 
18.150         575 
18.160         556 
18.170         537 
18.180         516 
18.190         496 
18.200         479 
18.210         462 
18.220         444 
18.230         429 
18.240         414 
18.250         399 
18.260         382 
18.270         365 
18.280         350 
18.290         338 
18.300         325 
18.310         310 
18.320         298 
18.330         288 
18.340         275 
18.350         263 
18.360         250 
18.370         239 
18.380         227 
18.390         215 
18.400         205 
18.410         196 
18.420         189 
18.430         180 
18.440         171 
18.450         163 
18.460         157 
18.470         148 
18.480         142 
18.490         137 
18.500         131 
18.510         126 
18.520         120 
18.530         116 
18.540         111 
18.550         107 
18.560         104 
18.570         101 
18.580         99 
18.590         98 
18.600         95 
18.610         94 
18.620         93 
18.630         90 
18.640         89 
18.650         89 
18.660         88 
18.670         88 
18.680         89 
18.690         90 
18.700         92 
18.710         92 
18.720         93 
18.730         94 
18.740         95 
18.750         97 
18.760         100 
18.770         102 
18.780         106 
18.790         109 
18.800         111 
18.810         113 
18.820         117 
18.830         120 
18.840         122 
18.850         125 
18.860         127 
18.870         130 
18.880         134 
18.890         138 
18.900         141 
18.910         145 
18.920         149 
18.930         153 
18.940         155 
18.950         160 
18.960         166 
18.970         170 
18.980         173 
18.990         178 
19.000         183 
19.010         187 
19.020         193 
19.030         196 
19.040         200 
19.050         203 
19.060         207 
19.070         210 
19.080         215 
19.090         221 
19.100         225 
19.110         229 
19.120         234 
19.130         238 
19.140         242 
19.150         247 
19.160         251 
19.170         254 
19.180         258 
19.190         262 
19.200         266 
19.210         270 
19.220         274 
19.230         277 
19.240         281 
19.250         283 
19.260         286 
19.270         287 
19.280         289 
19.290         293 
19.300         294 
19.310         296 
19.320         300 
19.330         302 
19.340         304 
19.350         306 
19.360         308 
19.370         309 
19.380         310 
19.390         310 
19.400         311 
19.410         312 
19.420         312 
19.430         312 
19.440         312 
19.450         312 
19.460         311 
19.470         310 
19.480         311 
19.490         310 
19.500         309 
19.510         308 
19.520         306 
19.530         306 
19.540         304 
19.550         302 
19.560         300 
19.570         298 
19.580         297 
19.590         295 
19.600         294 
19.610         292 
19.620         289 
19.630         285 
19.640         282 
19.650         279 
19.660         276 
19.670         272 
19.680         268 
19.690         265 
19.700         264 
19.710         262 
19.720         259 
19.730         256 
19.740         253 
19.750         250 
19.760         246 
19.770         244 
19.780         242 
19.790         239 
19.800         235 
19.810         233 
19.820         230 
19.830         228 
19.840         224 
19.850         220 
19.860         216 
19.870         213 
19.880         210 
19.890         205 
19.900         202 
19.910         199 
19.920         195 
19.930         192 
19.940         189 
19.950         188 
19.960         184 
19.970         182 
19.980         179 
19.990         177 
20.000         175 
20.010         172 
20.020         169 
20.030         166 
20.040         165 
20.050         161 
20.060         158 
20.070         156 
20.080         153 
20.090         149 
20.100         144 
20.110         140 
20.120         138 
20.130         134 
20.140         130 
20.150         127 
20.160         124 
20.170         121 
20.180         118 
20.190         115 
20.200         113 
20.210         110 
20.220         108 
20.230         105 
20.240         103 
20.250         101 
20.260         99 
20.270         96 
20.280         95 
20.290         93 
20.300         92 
20.310         90 
20.320         88 
20.330         87 
20.340         86 
20.350         84 
20.360         82 
20.370         81 
20.380         79 
20.390         79 
20.400         78 
20.410         78 
20.420         78 
20.430         77 
20.440         76 
20.450         76 
20.460         75 
20.470         75 
20.480         75 
20.490         75 
20.500         76 
20.510         77 
20.520         77 
20.530         78 
20.540         79 
20.550         80 
20.560         81 
20.570         82 
20.580         84 
20.590         85 
20.600         85 
20.610         87 
20.620         88 
20.630         90 
20.640         92 
20.650         93 
20.660         95 
20.670         97 
20.680         98 
20.690         100 
20.700         101 
20.710         103 
20.720         105 
20.730         106 
20.740         109 
20.750         113 
20.760         115 
20.770         118 
20.780         120 
20.790         123 
20.800         126 
20.810         130 
20.820         134 
20.830         137 
20.840         141 
20.850         146 
20.860         150 
20.870         154 
20.880         158 
20.890         163 
20.900         167 
20.910         174 
20.920         178 
20.930         185 
20.940         189 
20.950         195 
20.960         199 
20.970         205 
20.980         210 
20.990         215 
21.000         222 
21.010         227 
21.020         235 
21.030         240 
21.040         245 
21.050         251 
21.060         258 
21.070         265 
21.080         270 
21.090         277 
21.100         285 
21.110         293 
21.120         302 
21.130         309 
21.140         317 
21.150         324 
21.160         332 
21.170         341 
21.180         349 
21.190         358 
21.200         366 
21.210         374 
21.220         383 
21.230         392 
21.240         400 
21.250         407 
21.260         416 
21.270         424 
21.280         433 
21.290         440 
21.300         446 
21.310         453 
21.320         457 
21.330         464 
21.340         471 
21.350         478 
21.360         485 
21.370         490 
21.380         498 
21.390         505 
21.400         513 
21.410         522 
21.420         528 
21.430         536 
21.440         544 
21.450         554 
21.460         566 
21.470         578 
21.480         588 
21.490         598 
21.500         610 
21.510         623 
21.520         632 
21.530         642 
21.540         653 
21.550         663 
21.560         674 
21.570         682 
21.580         692 
21.590         705 
21.600         717 
21.610         728 
21.620         737 
21.630         751 
21.640         762 
21.650         773 
21.660         782 
21.670         795 
21.680         806 
21.690         816 
21.700         825 
21.710         837 
21.720         851 
21.730         863 
21.740         874 
21.750         884 
21.760         892 
21.770         904 
21.780         917 
21.790         926 
21.800         937 
21.810         949 
21.820         961 
21.830         975 
21.840         984 
21.850         997 
21.860         1004 
21.870         1013 
21.880         1021 
21.890         1032 
21.900         1042 
21.910         1056 
21.920         1068 
21.930         1072 
21.940         1082 
21.950         1088 
21.960         1100 
21.970         1108 
21.980         1113 
21.990         1125 
22.000         1134 
22.010         1142 
22.020         1150 
22.030         1156 
22.040         1160 
22.050         1167 
22.060         1171 
22.070         1174 
22.080         1183 
22.090         1193 
22.100         1203 
22.110         1206 
22.120         1213 
22.130         1220 
22.140         1224 
22.150         1227 
22.160         1233 
22.170         1241 
22.180         1249 
22.190         1257 
22.200         1266 
22.210         1272 
22.220         1278 
22.230         1286 
22.240         1287 
22.250         1293 
22.260         1298 
22.270         1301 
22.280         1309 
22.290         1316 
22.300         1326 
22.310         1335 
22.320         1345 
22.330         1349 
22.340         1358 
22.350         1361 
22.360         1365 
22.370         1368 
22.380         1371 
22.390         1376 
22.400         1380 
22.410         1389 
22.420         1397 
22.430         1403 
22.440         1405 
22.450         1405 
22.460         1406 
22.470         1403 
22.480         1407 
22.490         1407 
22.500         1409 
22.510         1410 
22.520         1412 
22.530         1419 
22.540         1423 
22.550         1425 
22.560         1423 
22.570         1419 
22.580         1415 
22.590         1416 
22.600         1418 
22.610         1418 
22.620         1422 
22.630         1423 
22.640         1420 
22.650         1417 
22.660         1418 
22.670         1416 
22.680         1409 
22.690         1403 
22.700         1396 
22.710         1392 
22.720         1389 
22.730         1385 
22.740         1379 
22.750         1370 
22.760         1363 
22.770         1357 
22.780         1350 
22.790         1343 
22.800         1340 
22.810         1331 
22.820         1327 
22.830         1319 
22.840         1309 
22.850         1304 
22.860         1296 
22.870         1285 
22.880         1277 
22.890         1268 
22.900         1258 
22.910         1252 
22.920         1239 
22.930         1228 
22.940         1222 
22.950         1208 
22.960         1203 
22.970         1190 
22.980         1179 
22.990         1169 
23.000         1157 
23.010         1147 
23.020         1139 
23.030         1128 
23.040         1119 
23.050         1111 
23.060         1095 
23.070         1085 
23.080         1070 
23.090         1056 
23.100         1044 
23.110         1028 
23.120         1018 
23.130         1009 
23.140         995 
23.150         982 
23.160         968 
23.170         954 
23.180         942 
23.190         926 
23.200         912 
23.210         899 
23.220         885 
23.230         875 
23.240         862 
23.250         850 
23.260         836 
23.270         823 
23.280         809 
23.290         797 
23.300         784 
23.310         769 
23.320         755 
23.330         742 
23.340         732 
23.350         718 
23.360         707 
23.370         694 
23.380         681 
23.390         669 
23.400         658 
23.410         646 
23.420         632 
23.430         620 
23.440         607 
23.450         596 
23.460         585 
23.470         574 
23.480         563 
23.490         551 
23.500         542 
23.510         532 
23.520         522 
23.530         512 
23.540         501 
23.550         491 
23.560         482 
23.570         474 
23.580         464 
23.590         455 
23.600         445 
23.610         437 
23.620         428 
23.630         419 
23.640         410 
23.650         401 
23.660         389 
23.670         378 
23.680         369 
23.690         359 
23.700         349 
23.710         338 
23.720         329 
23.730         321 
23.740         311 
23.750         302 
23.760         293 
23.770         284 
23.780         276 
23.790         267 
23.800         258 
23.810         251 
23.820         244 
23.830         236 
23.840         229 
23.850         222 
23.860         215 
23.870         207 
23.880         199 
23.890         194 
23.900         187 
23.910         180 
23.920         174 
23.930         167 
23.940         162 
23.950         155 
23.960         150 
23.970         145 
23.980         139 
23.990         134 
24.000         129 
24.010         124 
24.020         119 
24.030         114 
24.040         110 
24.050         105 
24.060         102 
24.070         98 
24.080         95 
24.090         91 
24.100         88 
24.110         85 
24.120         81 
24.130         78 
24.140         75 
24.150         72 
24.160         69 
24.170         67 
24.180         65 
24.190         62 
24.200         59 
24.210         57 
24.220         56 
24.230         54 
24.240         51 
24.250         51 
24.260         49 
24.270         48 
24.280         47 
24.290         47 
24.300         47 
24.310         47 
24.320         47 
24.330         47 
24.340         46 
24.350         46 
24.360         46 
24.370         44 
24.380         44 
24.390         44 
24.400         44 
24.410         44 
24.420         43 
24.430         44 
24.440         43 
24.450         43 
24.460         42 
24.470         42 
24.480         42 
24.490         42 
24.500         42 
24.510         43 
24.520         45 
24.530         46 
24.540         46 
24.550         46 
24.560         47 
24.570         47 
24.580         47 
24.590         49 
24.600         49 
24.610         50 
24.620         50 
24.630         52 
24.640         51 
24.650         53 
24.660         53 
24.670         55 
24.680         55 
24.690         56 
24.700         58 
24.710         59 
24.720         60 
24.730         60 
24.740         61 
24.750         62 
24.760         63 
24.770         63 
24.780         63 
24.790         64 
24.800         64 
24.810         64 
24.820         64 
24.830         66 
24.840         65 
24.850         65 
24.860         65 
24.870         66 
24.880         67 
24.890         67 
24.900         68 
24.910         69 
24.920         69 
24.930         70 
24.940         70 
24.950         72 
24.960         72 
24.970         73 
24.980         73 
24.990         73 
25.000         73 
25.010         73 
25.020         74 
25.030         74 
25.040         74 
25.050         74 
25.060         74 
25.070         74 
25.080         76 
25.090         76 
25.100         76 
25.110         75 
25.120         75 
25.130         76 
25.140         76 
25.150         77 
25.160         77 
25.170         76 
25.180         77 
25.190         77 
25.200         77 
25.210         76 
25.220         77 
25.230         76 
25.240         76 
25.250         75 
25.260         75 
25.270         75 
25.280         75 
25.290         75 
25.300         74 
25.310         73 
25.320         73 
25.330         73 
25.340         73 
25.350         73 
25.360         73 
25.370         73 
25.380         73 
25.390         73 
25.400         73 
25.410         73 
25.420         72 
25.430         71 
25.440         70 
25.450         71 
25.460         71 
25.470         70 
25.480         71 
25.490         71 
25.500         70 
25.510         70 
25.520         70 
25.530         70 
25.540         70 
25.550         68 
25.560         68 
25.570         69 
25.580         69 
25.590         68 
25.600         67 
25.610         67 
25.620         67 
25.630         67 
25.640         66 
25.650         65 
25.660         64 
25.670         63 
25.680         63 
25.690         62 
25.700         62 
25.710         62 
25.720         61 
25.730         60 
25.740         59 
25.750         60 
25.760         59 
25.770         58 
25.780         58 
25.790         58 
25.800         58 
25.810         57 
25.820         56 
25.830         56 
25.840         54 
25.850         53 
25.860         52 
25.870         52 
25.880         52 
25.890         52 
25.900         52 
25.910         50 
25.920         50 
25.930         48 
25.940         48 
25.950         47 
25.960         46 
25.970         46 
25.980         46 
25.990         46 
26.000         46 
26.010         45 
26.020         44 
26.030         43 
26.040         42 
26.050         42 
26.060         42 
26.070         41 
26.080         41 
26.090         41 
26.100         41 
26.110         41 
26.120         40 
26.130         40 
26.140         39 
26.150         39 
26.160         39 
26.170         39 
26.180         37 
26.190         37 
26.200         36 
26.210         36 
26.220         34 
26.230         33 
26.240         32 
26.250         30 
26.260         30 
26.270         30 
26.280         28 
26.290         28 
26.300         28 
26.310         28 
26.320         27 
26.330         27 
26.340         27 
26.350         27 
26.360         27 
26.370         27 
26.380         27 
26.390         27 
26.400         28 
26.410         28 
26.420         27 
26.430         28 
26.440         27 
26.450         26 
26.460         25 
26.470         25 
26.480         25 
26.490         25 
26.500         25 
26.510         23 
26.520         22 
26.530         22 
26.540         23 
26.550         22 
26.560         22 
26.570         22 
26.580         21 
26.590         21 
26.600         21 
26.610         21 
26.620         21 
26.630         22 
26.640         22 
26.650         21 
26.660         23 
26.670         24 
26.680         23 
26.690         22 
26.700         22 
26.710         21 
26.720         22 
26.730         22 
26.740         23 
26.750         23 
26.760         23 
26.770         23 
26.780         23 
26.790         24 
26.800         24 
26.810         24 
26.820         24 
26.830         24 
26.840         25 
26.850         25 
26.860         26 
26.870         26 
26.880         28 
26.890         28 
26.900         29 
26.910         30 
26.920         30 
26.930         29 
26.940         29 
26.950         29 
26.960         29 
26.970         28 
26.980         29 
26.990         28 
27.000         29 
27.010         29 
27.020         29 
27.030         29 
27.040         29 
27.050         29 
27.060         29 
27.070         29 
27.080         30 
27.090         30 
27.100         30 
27.110         30 
27.120         31 
27.130         33 
27.140         33 
27.150         32 
27.160         32 
27.170         33 
27.180         34 
27.190         34 
27.200         34 
27.210         34 
27.220         36 
27.230         36 
27.240         37 
27.250         39 
27.260         39 
27.270         40 
27.280         40 
27.290         42 
27.300         43 
27.310         44 
27.320         44 
27.330         44 
27.340         43 
27.350         44 
27.360         45 
27.370         44 
27.380         45 
27.390         45 
27.400         45 
27.410         46 
27.420         46 
27.430         46 
27.440         46 
27.450         46 
27.460         46 
27.470         47 
27.480         48 
27.490         50 
27.500         51 
27.510         51 
27.520         52 
27.530         52 
27.540         54 
27.550         53 
27.560         54 
27.570         55 
27.580         55 
27.590         56 
27.600         56 
27.610         57 
27.620         57 
27.630         58 
27.640         58 
27.650         57 
27.660         58 
27.670         58 
27.680         58 
27.690         57 
27.700         57 
27.710         57 
27.720         58 
27.730         58 
27.740         58 
27.750         59 
27.760         58 
27.770         59 
27.780         59 
27.790         60 
27.800         59 
27.810         59 
27.820         59 
27.830         59 
27.840         60 
27.850         60 
27.860         60 
27.870         60 
27.880         60 
27.890         61 
27.900         60 
27.910         61 
27.920         60 
27.930         60 
27.940         60 
27.950         61 
27.960         61 
27.970         61 
27.980         61 
27.990         60 
28.000         61 
28.010         61 
28.020         62 
28.030         61 
28.040         61 
28.050         62 
28.060         61 
28.070         62 
28.080         62 
28.090         61 
28.100         60 
28.110         59 
28.120         60 
28.130         60 
28.140         60 
28.150         60 
28.160         59 
28.170         58 
28.180         58 
28.190         56 
28.200         56 
28.210         55 
28.220         55 
28.230         55 
28.240         55 
28.250         55 
28.260         55 
28.270         54 
28.280         53 
28.290         53 
28.300         52 
28.310         51 
28.320         51 
28.330         51 
28.340         51 
28.350         50 
28.360         51 
28.370         50 
28.380         48 
28.390         47 
28.400         48 
28.410         48 
28.420         47 
28.430         46 
28.440         45 
28.450         45 
28.460         45 
28.470         44 
28.480         44 
28.490         44 
28.500         43 
28.510         43 
28.520         42 
28.530         42 
28.540         42 
28.550         40 
28.560         39 
28.570         39 
28.580         39 
28.590         39 
28.600         37 
28.610         37 
28.620         36 
28.630         35 
28.640         34 
28.650         34 
28.660         34 
28.670         34 
28.680         34 
28.690         34 
28.700         35 
28.710         34 
28.720         35 
28.730         34 
28.740         33 
28.750         34 
28.760         34 
28.770         34 
28.780         34 
28.790         35 
28.800         34 
28.810         34 
28.820         34 
28.830         33 
28.840         33 
28.850         33 
28.860         32 
28.870         31 
28.880         31 
28.890         31 
28.900         30 
28.910         29 
28.920         28 
28.930         28 
28.940         27 
28.950         26 
28.960         26 
28.970         25 
28.980         24 
28.990         24 
29.000         23 
29.010         23 
29.020         23 
29.030         22 
29.040         22 
29.050         22 
29.060         21 
29.070         21 
29.080         21 
29.090         22 
29.100         21 
29.110         20 
29.120         20 
29.130         19 
29.140         19 
29.150         18 
29.160         18 
29.170         18 
29.180         19 
29.190         18 
29.200         18 
29.210         19 
29.220         18 
29.230         18 
29.240         17 
29.250         18 
29.260         17 
29.270         18 
29.280         18 
29.290         20 
29.300         21 
29.310         20 
29.320         21 
29.330         21 
29.340         21 
29.350         21 
29.360         20 
29.370         21 
29.380         21 
29.390         21 
29.400         20 
29.410         20 
29.420         19 
29.430         19 
29.440         18 
29.450         18 
29.460         17 
29.470         16 
29.480         16 
29.490         16 
29.500         17 
29.510         17 
29.520         18 
29.530         17 
29.540         18 
29.550         18 
29.560         19 
29.570         18 
29.580         18 
29.590         18 
29.600         17 
29.610         18 
29.620         17 
29.630         17 
29.640         16 
29.650         16 
29.660         15 
29.670         15 
29.680         15 
29.690         14 
29.700         15 
29.710         15 
29.720         16 
29.730         16 
29.740         16 
29.750         16 
29.760         16 
29.770         16 
29.780         16 
29.790         17 
29.800         17 
29.810         17 
29.820         17 
29.830         17 
29.840         17 
29.850         17 
29.860         17 
29.870         17 
29.880         17 
29.890         18 
29.900         18 
29.910         18 
29.920         18 
29.930         18 
29.940         18 
29.950         18 
29.960         18 
29.970         18 
29.980         18 
29.990         18 
30.000         17 
30.010         17 
30.020         17 
30.030         18 
30.040         18 
30.050         17 
30.060         17 
30.070         18 
30.080         18 
30.090         17 
30.100         17 
30.110         17 
30.120         18 
30.130         18 
30.140         18 
30.150         19 
30.160         19 
30.170         19 
30.180         20 
30.190         19 
30.200         20 
30.210         20 
30.220         20 
30.230         20 
30.240         20 
30.250         20 
30.260         19 
30.270         19 
30.280         19 
30.290         20 
30.300         19 
30.310         19 
30.320         19 
30.330         19 
30.340         19 
30.350         17 
30.360         17 
30.370         17 
30.380         17 
30.390         17 
30.400         17 
30.410         18 
30.420         18 
30.430         18 
30.440         18 
30.450         18 
30.460         18 
30.470         19 
30.480         18 
30.490         18 
30.500         19 
30.510         20 
30.520         19 
30.530         19 
30.540         19 
30.550         18 
30.560         18 
30.570         17 
30.580         17 
30.590         17 
30.600         17 
30.610         17 
30.620         16 
30.630         16 
30.640         16 
30.650         16 
30.660         16 
30.670         16 
30.680         16 
30.690         17 
30.700         17 
30.710         16 
30.720         18 
30.730         17 
30.740         18 
30.750         18 
30.760         18 
30.770         18 
30.780         18 
30.790         17 
30.800         18 
30.810         18 
30.820         18 
30.830         18 
30.840         19 
30.850         19 
30.860         20 
30.870         19 
30.880         20 
30.890         19 
30.900         20 
30.910         20 
30.920         19 
30.930         20 
30.940         21 
30.950         19 
30.960         19 
30.970         19 
30.980         20 
30.990         20 
31.000         19 
31.010         19 
31.020         18 
31.030         19 
31.040         19 
31.050         19 
31.060         19 
31.070         19 
31.080         19 
31.090         20 
31.100         20 
31.110         21 
31.120         20 
31.130         20 
31.140         20 
31.150         21 
31.160         21 
31.170         21 
31.180         20 
31.190         20 
31.200         20 
31.210         20 
31.220         21 
31.230         20 
31.240         20 
31.250         19 
31.260         19 
31.270         17 
31.280         17 
31.290         18 
31.300         18 
31.310         17 
31.320         18 
31.330         18 
31.340         18 
31.350         18 
31.360         17 
31.370         17 
31.380         18 
31.390         18 
31.400         19 
31.410         20 
31.420         22 
31.430         23 
31.440         22 
31.450         21 
31.460         22 
31.470         21 
31.480         22 
31.490         21 
31.500         22 
31.510         21 
31.520         22 
31.530         21 
31.540         20 
31.550         20 
31.560         20 
31.570         20 
31.580         19 
31.590         20 
31.600         19 
31.610         19 
31.620         20 
31.630         20 
31.640         21 
31.650         20 
31.660         21 
31.670         21 
31.680         23 
31.690         23 
31.700         22 
31.710         22 
31.720         22 
31.730         22 
31.740         21 
31.750         20 
31.760         21 
31.770         21 
31.780         21 
31.790         20 
31.800         20 
31.810         20 
31.820         20 
31.830         19 
31.840         20 
31.850         20 
31.860         20 
31.870         20 
31.880         20 
31.890         21 
31.900         22 
31.910         22 
31.920         21 
31.930         21 
31.940         20 
31.950         21 
31.960         20 
31.970         20 
31.980         20 
31.990         20 
32.000         22 
32.010         22 
32.020         22 
32.030         22 
32.040         23 
32.050         22 
32.060         22 
32.070         21 
32.080         21 
32.090         22 
32.100         22 
32.110         22 
32.120         22 
32.130         21 
32.140         21 
32.150         19 
32.160         18 
32.170         18 
32.180         18 
32.190         17 
32.200         18 
32.210         18 
32.220         18 
32.230         18 
32.240         19 
32.250         18 
32.260         17 
32.270         17 
32.280         17 
32.290         17 
32.300         17 
32.310         17 
32.320         18 
32.330         18 
32.340         17 
32.350         18 
32.360         18 
32.370         18 
32.380         18 
32.390         18 
32.400         18 
32.410         18 
32.420         18 
32.430         18 
32.440         18 
32.450         18 
32.460         18 
32.470         17 
32.480         18 
32.490         18 
32.500         17 
32.510         17 
32.520         16 
32.530         16 
32.540         16 
32.550         16 
32.560         16 
32.570         16 
32.580         16 
32.590         16 
32.600         16 
32.610         16 
32.620         16 
32.630         15 
32.640         15 
32.650         16 
32.660         16 
32.670         16 
32.680         16 
32.690         17 
32.700         17 
32.710         17 
32.720         18 
32.730         17 
32.740         17 
32.750         18 
32.760         19 
32.770         19 
32.780         19 
32.790         20 
32.800         21 
32.810         21 
32.820         22 
32.830         22 
32.840         22 
32.850         23 
32.860         23 
32.870         23 
32.880         24 
32.890         25 
32.900         24 
32.910         24 
32.920         25 
32.930         25 
32.940         27 
32.950         27 
32.960         27 
32.970         28 
32.980         28 
32.990         27 
33.000         28 
33.010         29 
33.020         30 
33.030         30 
33.040         30 
33.050         32 
33.060         32 
33.070         32 
33.080         33 
33.090         33 
33.100         32 
33.110         33 
33.120         33 
33.130         34 
33.140         35 
33.150         35 
33.160         35 
33.170         36 
33.180         38 
33.190         39 
33.200         39 
33.210         40 
33.220         41 
33.230         42 
33.240         42 
33.250         43 
33.260         43 
33.270         43 
33.280         44 
33.290         44 
33.300         45 
33.310         45 
33.320         46 
33.330         45 
33.340         46 
33.350         47 
33.360         47 
33.370         48 
33.380         48 
33.390         49 
33.400         51 
33.410         51 
33.420         53 
33.430         54 
33.440         55 
33.450         56 
33.460         57 
33.470         58 
33.480         59 
33.490         60 
33.500         61 
33.510         63 
33.520         64 
33.530         66 
33.540         66 
33.550         67 
33.560         70 
33.570         70 
33.580         71 
33.590         72 
33.600         73 
33.610         74 
33.620         75 
33.630         77 
33.640         77 
33.650         78 
33.660         79 
33.670         80 
33.680         81 
33.690         82 
33.700         83 
33.710         82 
33.720         84 
33.730         84 
33.740         85 
33.750         86 
33.760         88 
33.770         88 
33.780         89 
33.790         90 
33.800         92 
33.810         92 
33.820         93 
33.830         95 
33.840         96 
33.850         98 
33.860         100 
33.870         100 
33.880         101 
33.890         103 
33.900         103 
33.910         104 
33.920         104 
33.930         105 
33.940         106 
33.950         106 
33.960         107 
33.970         107 
33.980         108 
33.990         108 
34.000         109 
34.010         108 
34.020         109 
34.030         111 
34.040         111 
34.050         113 
34.060         113 
34.070         114 
34.080         116 
34.090         115 
34.100         117 
34.110         117 
34.120         117 
34.130         117 
34.140         117 
34.150         117 
34.160         118 
34.170         118 
34.180         117 
34.190         117 
34.200         117 
34.210         118 
34.220         118 
34.230         117 
34.240         118 
34.250         117 
34.260         118 
34.270         119 
34.280         120 
34.290         120 
34.300         121 
34.310         120 
34.320         120 
34.330         120 
34.340         120 
34.350         120 
34.360         120 
34.370         120 
34.380         121 
34.390         120 
34.400         120 
34.410         119 
34.420         119 
34.430         118 
34.440         117 
34.450         117 
34.460         118 
34.470         118 
34.480         119 
34.490         118 
34.500         118 
34.510         117 
34.520         116 
34.530         116 
34.540         116 
34.550         115 
34.560         114 
34.570         114 
34.580         114 
34.590         114 
34.600         113 
34.610         112 
34.620         111 
34.630         110 
34.640         109 
34.650         110 
34.660         109 
34.670         108 
34.680         106 
34.690         105 
34.700         104 
34.710         104 
34.720         103 
34.730         101 
34.740         101 
34.750         100 
34.760         99 
34.770         99 
34.780         98 
34.790         97 
34.800         95 
34.810         95 
34.820         95 
34.830         95 
34.840         95 
34.850         94 
34.860         94 
34.870         94 
34.880         93 
34.890         93 
34.900         91 
34.910         91 
34.920         90 
34.930         90 
34.940         90 
34.950         89 
34.960         88 
34.970         88 
34.980         87 
34.990         86 
35.000         86 
35.010         84 
35.020         84 
35.030         83 
35.040         83 
35.050         82 
35.060         81 
35.070         80 
35.080         78 
35.090         77 
35.100         76 
35.110         75 
35.120         73 
35.130         72 
35.140         71 
35.150         70 
35.160         69 
35.170         69 
35.180         69 
35.190         69 
35.200         68 
35.210         67 
35.220         66 
35.230         66 
35.240         65 
35.250         64 
35.260         64 
35.270         64 
35.280         64 
35.290         64 
35.300         64 
35.310         63 
35.320         62 
35.330         61 
35.340         59 
35.350         59 
35.360         59 
35.370         59 
35.380         59 
35.390         58 
35.400         58 
35.410         57 
35.420         57 
35.430         56 
35.440         56 
35.450         55 
35.460         55 
35.470         54 
35.480         54 
35.490         54 
35.500         53 
35.510         52 
35.520         52 
35.530         51 
35.540         51 
35.550         50 
35.560         49 
35.570         48 
35.580         48 
35.590         46 
35.600         46 
35.610         46 
35.620         45 
35.630         44 
35.640         42 
35.650         41 
35.660         41 
35.670         40 
35.680         40 
35.690         40 
35.700         40 
35.710         40 
35.720         39 
35.730         38 
35.740         39 
35.750         38 
35.760         37 
35.770         37 
35.780         37 
35.790         38 
35.800         37 
35.810         37 
35.820         37 
35.830         37 
35.840         37 
35.850         36 
35.860         36 
35.870         36 
35.880         36 
35.890         35 
35.900         35 
35.910         34 
35.920         35 
35.930         34 
35.940         35 
35.950         35 
35.960         34 
35.970         34 
35.980         33 
35.990         32 
36.000         32 
36.010         31 
36.020         30 
36.030         29 
36.040         29 
36.050         29 
36.060         29 
36.070         28 
36.080         28 
36.090         26 
36.100         26 
36.110         27 
36.120         26 
36.130         26 
36.140         26 
36.150         26 
36.160         26 
36.170         25 
36.180         25 
36.190         26 
36.200         26 
36.210         26 
36.220         26 
36.230         25 
36.240         25 
36.250         25 
36.260         24 
36.270         24 
36.280         24 
36.290         24 
36.300         24 
36.310         25 
36.320         24 
36.330         25 
36.340         24 
36.350         24 
36.360         23 
36.370         23 
36.380         23 
36.390         23 
36.400         22 
36.410         21 
36.420         21 
36.430         20 
36.440         20 
36.450         19 
36.460         18 
36.470         20 
36.480         19 
36.490         18 
36.500         18 
36.510         18 
36.520         19 
36.530         18 
36.540         18 
36.550         19 
36.560         19 
36.570         20 
36.580         20 
36.590         21 
36.600         21 
36.610         21 
36.620         20 
36.630         20 
36.640         21 
36.650         22 
36.660         22 
36.670         21 
36.680         22 
36.690         23 
36.700         22 
36.710         23 
36.720         23 
36.730         22 
36.740         21 
36.750         21 
36.760         22 
36.770         22 
36.780         22 
36.790         22 
36.800         22 
36.810         23 
36.820         23 
36.830         22 
36.840         23 
36.850         23 
36.860         23 
36.870         23 
36.880         24 
36.890         24 
36.900         26 
36.910         26 
36.920         26 
36.930         26 
36.940         26 
36.950         26 
36.960         26 
36.970         26 
36.980         26 
36.990         26 
37.000         26 
37.010         26 
37.020         26 
37.030         26 
37.040         26 
37.050         25 
37.060         24 
37.070         23 
37.080         23 
37.090         23 
37.100         22 
37.110         21 
37.120         22 
37.130         21 
37.140         20 
37.150         20 
37.160         20 
37.170         20 
37.180         20 
37.190         19 
37.200         19 
37.210         19 
37.220         20 
37.230         20 
37.240         19 
37.250         19 
37.260         19 
37.270         18 
37.280         19 
37.290         19 
37.300         18 
37.310         18 
37.320         18 
37.330         19 
37.340         18 
37.350         19 
37.360         19 
37.370         19 
37.380         18 
37.390         18 
37.400         18 
37.410         19 
37.420         19 
37.430         20 
37.440         21 
37.450         21 
37.460         21 
37.470         19 
37.480         20 
37.490         20 
37.500         19 
37.510         20 
37.520         20 
37.530         20 
37.540         21 
37.550         21 
37.560         19 
37.570         19 
37.580         19 
37.590         18 
37.600         18 
37.610         19 
37.620         19 
37.630         18 
37.640         18 
37.650         18 
37.660         18 
37.670         18 
37.680         18 
37.690         17 
37.700         17 
37.710         18 
37.720         18 
37.730         17 
37.740         18 
37.750         18 
37.760         17 
37.770         17 
37.780         17 
37.790         17 
37.800         17 
37.810         17 
37.820         16 
37.830         16 
37.840         15 
37.850         15 
37.860         14 
37.870         14 
37.880         14 
37.890         13 
37.900         13 
37.910         12 
37.920         13 
37.930         12 
37.940         12 
37.950         12 
37.960         12 
37.970         13 
37.980         13 
37.990         12 
38.000         12 
38.010         12 
38.020         13 
38.030         13 
38.040         13 
38.050         12 
38.060         12 
38.070         11 
38.080         10 
38.090         10 
38.100         10 
38.110         9 
38.120         8 
38.130         8 
38.140         7 
38.150         7 
38.160         7 
38.170         6 
38.180         7 
38.190         7 
38.200         7 
38.210         7 
38.220         8 
38.230         8 
38.240         7 
38.250         8 
38.260         7 
38.270         8 
38.280         7 
38.290         7 
38.300         9 
38.310         8 
38.320         9 
38.330         9 
38.340         9 
38.350         9 
38.360         9 
38.370         9 
38.380         10 
38.390         10 
38.400         10 
38.410         11 
38.420         10 
38.430         11 
38.440         11 
38.450         11 
38.460         12 
38.470         11 
38.480         12 
38.490         11 
38.500         11 
38.510         10 
38.520         10 
38.530         10 
38.540         10 
38.550         9 
38.560         10 
38.570         10 
38.580         9 
38.590         10 
38.600         10 
38.610         9 
38.620         10 
38.630         9 
38.640         9 
38.650         9 
38.660         9 
38.670         9 
38.680         10 
38.690         10 
38.700         10 
38.710         11 
38.720         11 
38.730         12 
38.740         12 
38.750         13 
38.760         14 
38.770         15 
38.780         16 
38.790         16 
38.800         17 
38.810         18 
38.820         18 
38.830         19 
38.840         19 
38.850         20 
38.860         21 
38.870         21 
38.880         21 
38.890         22 
38.900         23 
38.910         23 
38.920         24 
38.930         24 
38.940         25 
38.950         25 
38.960         27 
38.970         27 
38.980         27 
38.990         28 
39.000         28 
39.010         29 
39.020         29 
39.030         30 
39.040         30 
39.050         30 
39.060         30 
39.070         29 
39.080         31 
39.090         31 
39.100         32 
39.110         33 
39.120         33 
39.130         33 
39.140         33 
39.150         34 
39.160         34 
39.170         35 
39.180         36 
39.190         35 
39.200         35 
39.210         36 
39.220         37 
39.230         38 
39.240         38 
39.250         38 
39.260         38 
39.270         38 
39.280         39 
39.290         39 
39.300         39 
39.310         38 
39.320         39 
39.330         39 
39.340         40 
39.350         41 
39.360         40 
39.370         41 
39.380         41 
39.390         42 
39.400         41 
39.410         42 
39.420         43 
39.430         43 
39.440         42 
39.450         44 
39.460         44 
39.470         45 
39.480         45 
39.490         45 
39.500         45 
39.510         46 
39.520         46 
39.530         45 
39.540         45 
39.550         46 
39.560         46 
39.570         46 
39.580         46 
39.590         46 
39.600         46 
39.610         46 
39.620         46 
39.630         47 
39.640         47 
39.650         47 
39.660         47 
39.670         47 
39.680         47 
39.690         47 
39.700         47 
39.710         47 
39.720         47 
39.730         48 
39.740         49 
39.750         50 
39.760         49 
39.770         49 
39.780         49 
39.790         50 
39.800         50 
39.810         50 
39.820         50 
39.830         50 
39.840         50 
39.850         50 
39.860         50 
39.870         50 
39.880         49 
39.890         49 
39.900         48 
39.910         48 
39.920         48 
39.930         53 
39.940         41 
39.950         44 
39.960         47 
39.970         51 
39.980         42 
39.990         44 
